0.5    0.891961  0.00595669
0.51     0.87383  0.00418864
0.52    0.848849  0.00733911
0.53     0.82738  0.00525885
0.54    0.811721  0.00444188
0.55    0.798593  0.00494013
0.56    0.771704  0.00593768
0.57    0.746259   0.0047371
0.58    0.724043  0.00579519
0.59     0.69092   0.0055531
0.6    0.673694  0.00511174
0.61     0.64197  0.00599875
0.62    0.609248  0.00592021
0.63    0.597075  0.00511511
0.64    0.573035  0.00440265
0.65    0.548166  0.00482958
0.66    0.533728  0.00385887
0.67    0.500012   0.0038492
0.68    0.482755  0.00497185
0.69    0.463597  0.00448235
0.7    0.440502  0.00409801
0.71    0.427822  0.00363845
0.72    0.406215  0.00417407
0.73    0.385913  0.00357796
0.74    0.375927   0.0034936
0.75     0.35328  0.00339759
0.76    0.347028  0.00225287
0.77    0.327132  0.00365145
0.78    0.313054  0.00333044
0.79    0.304335  0.00317974
0.8    0.288182  0.00242603
0.81    0.279103  0.00207845
0.82    0.268056  0.00185615
0.83    0.258727   0.0025832
0.84     0.24436   0.0023686
0.85      0.2456  0.00209953
0.86      0.2292  0.00225105
0.87    0.222994  0.00279493
0.88    0.212846  0.00187073
0.89    0.208633  0.00170603
0.9    0.201235  0.00133117
0.91    0.191987  0.00139253
0.92    0.186514  0.00136408
0.93    0.181505  0.00122883
0.94    0.175997  0.00203014
0.95    0.171589  0.00154568
0.96    0.168364  0.00196606
0.97    0.159786  0.00211139
0.98    0.157102  0.00154427
0.99    0.151637  0.00157463
1     0.14746   0.0017368
1.01    0.141824  0.00110426
1.02    0.136412  0.00170689
1.03    0.135068  0.00135836
1.04    0.129772  0.00139776
1.05    0.126755  0.00115189
1.06    0.123808  0.00127659
1.07    0.121078   0.0013975
1.08     0.11718  0.00130435
1.09    0.114266  0.00103109
1.1    0.111778 0.000998764
1.11    0.107497   0.0010368
1.12    0.104313  0.00157774
1.13    0.103857 0.000936447
1.14    0.100052 0.000846941
1.15   0.0974756  0.00105355
1.16   0.0986543  0.00108805
1.17   0.0932209 0.000724221
1.18   0.0921857 0.000605616
1.19   0.0897546 0.000786145
1.2   0.0892903  0.00113338
1.21   0.0856656 0.000810645
1.22   0.0841732 0.000834383
1.23   0.0813031 0.000995124
1.24   0.0819894 0.000978744
1.25   0.0792164 0.000927995
1.26   0.0774884 0.000765407
1.27   0.0760892 0.000753834
1.28   0.0744601 0.000810349
1.29   0.0729304 0.000862697
1.3    0.071729  0.00092885
1.31    0.070264 0.000788789
1.32    0.068036 0.000861716
1.33   0.0670309 0.000780242
1.34    0.066617 0.000735371
1.35   0.0634456 0.000590986
1.36   0.0642293 0.000676313
1.37   0.0623374 0.000791634
1.38   0.0622216 0.000618716
1.39   0.0605041 0.000588925
1.4   0.0601503 0.000811642
1.41   0.0576042 0.000746027
1.42   0.0569995 0.000711641
1.43   0.0556517 0.000531286
1.44   0.0562652 0.000542567
1.45   0.0547918 0.000585251
1.46   0.0535695  0.00047503
1.47   0.0532582 0.000661347
1.48    0.052908 0.000554146
1.49   0.0504316  0.00057285
1.5   0.0511385 0.000412745
1.51   0.0502492 0.000746096
1.52   0.0488953 0.000359548
1.53   0.0480786 0.000596246
1.54    0.046143 0.000521407
1.55   0.0470393 0.000532294
1.56    0.046795 0.000607197
1.57   0.0456316 0.000558833
1.58   0.0452188 0.000610697
1.59   0.0445662 0.000313518
1.6   0.0438888 0.000639991
1.61   0.0423923 0.000609364
1.62   0.0422616 0.000556461
1.63   0.0412538 0.000384872
1.64   0.0417259 0.000508482
1.65   0.0406906 0.000609255
1.66   0.0398376 0.000596497
1.67   0.0389751 0.000486745
1.68   0.0389721 0.000310029
1.69   0.0385944 0.000629436
1.7   0.0379506 0.000561099
1.71   0.0373041 0.000552998
1.72   0.0374387 0.000440392
1.73   0.0364222 0.000419652
1.74   0.0355609 0.000503349
1.75   0.0363162 0.000445381
1.76   0.0353228 0.000591912
1.77   0.0355912 0.000508739
1.78   0.0341592 0.000428454
1.79   0.0336464 0.000369825
1.8   0.0330703 0.000522482
1.81   0.0331525 0.000443205
1.82   0.0328089  0.00031235
1.83   0.0316743 0.000474625
1.84    0.032059 0.000453262
1.85   0.0315809 0.000387821
1.86   0.0313881 0.000421334
1.87   0.0307574 0.000480268
1.88   0.0308589 0.000349905
1.89   0.0311651 0.000396212
1.9   0.0304078 0.000318247
1.91   0.0290423 0.000437645
1.92   0.0299797  0.00043603
1.93   0.0291755 0.000401243
1.94    0.028861 0.000325749
1.95   0.0285381 0.000377703
1.96   0.0281846 0.000417184
1.97   0.0282838  0.00045154
1.98   0.0278969 0.000394777
1.99   0.0273247 0.000320622
2    0.027303 0.000381342
