0.5    0.885708  0.00638409
0.51    0.863342  0.00915752
0.52    0.860647  0.00851173
0.53    0.846916  0.00660096
0.54    0.820504   0.0091789
0.55    0.797739  0.00687179
0.56     0.78044  0.00612942
0.57    0.741548  0.00723451
0.58    0.709653  0.00987708
0.59    0.690691  0.00829764
0.6    0.691137  0.00556494
0.61    0.658579  0.00553249
0.62    0.615647   0.0064771
0.63     0.59548  0.00602469
0.64    0.570304  0.00744866
0.65    0.542833  0.00817476
0.66    0.523243  0.00610202
0.67     0.50494  0.00636421
0.68    0.487519  0.00571815
0.69    0.461801  0.00735735
0.7    0.434884  0.00577096
0.71    0.415261  0.00568831
0.72     0.40673  0.00433291
0.73    0.385566  0.00432603
0.74    0.375466  0.00474157
0.75    0.358372  0.00484399
0.76    0.341878  0.00382921
0.77    0.333403  0.00387662
0.78     0.31822   0.0051657
0.79     0.30504  0.00309985
0.8    0.298669  0.00323504
0.81    0.279287  0.00293503
0.82    0.266464  0.00259089
0.83    0.256268  0.00338907
0.84    0.255662  0.00296265
0.85    0.243561  0.00299699
0.86    0.237136  0.00199906
0.87    0.224832  0.00356164
0.88    0.214569  0.00300254
0.89    0.206522  0.00196257
0.9    0.196613  0.00262033
0.91    0.196967  0.00169921
0.92    0.187119  0.00193177
0.93    0.183117  0.00229177
0.94    0.175161  0.00238631
0.95    0.170504   0.0023819
0.96    0.159815  0.00234886
0.97    0.162777  0.00169381
0.98    0.155789  0.00150115
0.99    0.147416  0.00261298
1    0.142919  0.00167371
1.01     0.14372  0.00138578
1.02    0.138362  0.00151608
1.03    0.135992  0.00147632
1.04    0.132798   0.0015415
1.05    0.124617  0.00145952
1.06    0.123973   0.0016105
1.07    0.122769   0.0013084
1.08    0.120648  0.00117836
1.09    0.114045 0.000812723
1.1    0.110357  0.00168029
1.11    0.108755  0.00145524
1.12      0.1047  0.00177216
1.13    0.102869  0.00137464
1.14    0.101053 0.000928402
1.15   0.0984286  0.00117418
1.16   0.0987552 0.000911127
1.17   0.0924991  0.00120413
1.18   0.0927379  0.00146574
1.19   0.0887769  0.00108186
1.2   0.0883229 0.000904806
1.21   0.0897537 0.000978354
1.22   0.0862408 0.000951514
1.23   0.0822277  0.00116278
1.24   0.0808148  0.00106757
1.25   0.0781072  0.00125821
1.26    0.075898  0.00105288
1.27   0.0752393  0.00126675
1.28   0.0752166 0.000920023
1.29   0.0736263 0.000935654
1.3   0.0713977 0.000990091
1.31   0.0706498  0.00102074
1.32   0.0695509 0.000830134
1.33   0.0671259  0.00100595
1.34   0.0656951  0.00100461
1.35   0.0641205  0.00107315
1.36   0.0648332  0.00070161
1.37   0.0614764 0.000949013
1.38   0.0615732 0.000680716
1.39   0.0608727 0.000805893
1.4   0.0593845 0.000941123
1.41   0.0585798 0.000872838
1.42    0.057969 0.000755727
1.43   0.0556309  0.00115202
1.44   0.0534555 0.000739209
1.45   0.0550466 0.000728037
1.46   0.0536607 0.000802819
1.47   0.0531541 0.000747202
1.48   0.0520146 0.000797753
1.49   0.0504596 0.000668423
1.5   0.0510406   0.0006671
1.51    0.050326 0.000672331
1.52   0.0486685 0.000870152
1.53   0.0477636 0.000750495
1.54   0.0491833 0.000606429
1.55   0.0465581 0.000650864
1.56   0.0470036 0.000705639
1.57   0.0447521     0.00068
1.58   0.0446509 0.000817084
1.59   0.0442099 0.000683646
1.6   0.0429347 0.000479198
1.61   0.0434518 0.000492587
1.62   0.0428832 0.000778917
1.63   0.0423351 0.000755322
1.64   0.0417132 0.000507877
1.65   0.0412635 0.000591367
1.66   0.0405751 0.000641006
1.67   0.0391663 0.000460653
1.68   0.0389888 0.000718561
1.69   0.0393635 0.000623538
1.7   0.0383502 0.000603703
1.71   0.0373497  0.00060811
1.72   0.0365694 0.000507464
1.73   0.0379975 0.000740667
1.74   0.0364157 0.000620917
1.75   0.0365312 0.000589474
1.76    0.035256 0.000425354
1.77   0.0342953 0.000623101
1.78   0.0348378 0.000651475
1.79   0.0339286 0.000647071
1.8   0.0342001 0.000543314
1.81   0.0325682 0.000742729
1.82   0.0334452  0.00046009
1.83   0.0326674 0.000575619
1.84    0.033084 0.000516464
1.85   0.0321635 0.000566752
1.86    0.031716 0.000451732
1.87   0.0310785 0.000599645
1.88   0.0311275 0.000448174
1.89   0.0305279 0.000562037
1.9   0.0294131 0.000490175
1.91   0.0295195 0.000437263
1.92   0.0290922  0.00053836
1.93   0.0286323 0.000531436
1.94   0.0286927 0.000465962
1.95    0.029415 0.000361172
1.96   0.0287095 0.000413839
1.97   0.0286734 0.000474297
1.98   0.0276536 0.000466079
1.99   0.0272871 0.000439031
2   0.0275073 0.000504739
