0 0 0
1 0.208 0.127502
2 0.421686 0.120977
3 0.214611 0.152215
4 0.0572107 0.127271
5 0.303154 0.161795
6 0.030405 0.157132
7 0.23983 0.162775
8 0.21429 0.120751
9 0.45088 0.127623
10 0.51375 0.141719
11 0.348222 0.119116
12 0.236853 0.178132
13 0.0898613 0.148582
14 0.31721 0.151104
15 0.311017 0.100498
16 0.26276 0.121099
17 0.0810173 0.123689
18 0.380348 0.108613
19 0.551918 0.111377
20 0.41954 0.114656
21 0.360968 0.128325
22 0.133233 0.114683
23 0.21954 0.154822
24 0.101913 0.113977
25 0.103186 0.123729
26 0.174792 0.130459
27 0.543314 0.096645
28 0.462804 0.137187
29 0.284207 0.138049
30 0.32443 0.122646
31 0.10704 0.146137
32 0.511578 0.108174
33 0.334759 0.119222
34 0.32152 0.117695
35 0.326232 0.109711
36 0.509321 0.0928136
37 0.220409 0.16308
38 0.255961 0.117827
39 0.432405 0.117956
40 0.517152 0.13132
41 0.115156 0.113282
42 0.397223 0.141957
43 0.331424 0.115558
44 0.197021 0.117102
45 0.331163 0.123348
46 0.149861 0.164864
47 0.0914085 0.139792
48 0.326817 0.137079
49 0.49335 0.109926
50 0.184122 0.119588
51 0.140788 0.0931952
52 0.433458 0.106866
53 0.337778 0.0841347
54 0.213525 0.123203
55 0.285818 0.0721769
56 0.221667 0.106327
57 0.252561 0.114154
58 0.250342 0.118008
59 0.144814 0.121185
60 0.183657 0.0962351
61 0.283051 0.156495
62 0.195763 0.183276
63 0.558065 0.125625
64 0.238275 0.138013
65 -0.00499423 0.168673
66 0.470291 0.10535
67 0.189261 0.153379
68 0.459253 0.137479
69 0.548173 0.104993
70 0.516984 0.197025
71 0.364452 0.13908
72 0.379066 0.152152
73 0.464147 0.152199
74 0.303 0.175016
75 0.524305 0.102263
76 0.263042 0.156956
77 0.496912 0.159872
78 0.208768 0.156534
79 -0.0181888 0.15959
80 0.346037 0.153522
81 0.392057 0.152644
82 0.268196 0.143825
83 0.228819 0.167608
84 0.406791 0.144944
85 -0.0637345 0.11809
86 0.353037 0.1908
87 0.201559 0.127349
88 0.152301 0.135722
89 0.490348 0.143749
90 0.361668 0.143139
91 0.681188 0.15278
92 0.307113 0.147198
93 0.350683 0.119721
94 0.339701 0.126028
95 0.109892 0.131164
96 0.481687 0.13287
97 0.215376 0.137822
98 0.277954 0.111094
99 0.323212 0.118291
100 0.480772 0.100336
101 0.337302 0.115991
102 0.177222 0.134341
103 0.26242 0.136338
104 0.417276 0.122123
105 0.12182 0.157621
106 0.300437 0.115157
107 0.449395 0.130836
108 0.259032 0.109608
109 0.204693 0.113708
110 0.271771 0.144695
111 0.271874 0.125348
112 0.357475 0.102171
113 0.455658 0.106746
114 0.381025 0.112718
115 0.343665 0.110881
116 0.335076 0.0917736
117 0.475518 0.120149
118 0.384316 0.0972769
119 0.60223 0.102877
120 0.24139 0.100764
121 0.242391 0.0878435
122 0.208157 0.119477
123 0.211887 0.106196
124 0.344627 0.118088
125 0.455036 0.136026
126 0.0738206 0.0960497
127 0.0139147 0.122262
128 0.321742 0.0937973
129 0.449768 0.126291
130 0.27661 0.0962679
131 0.390854 0.133003
132 0.199977 0.112539
133 0.342487 0.14031
134 0.181239 0.117879
135 0.0742692 0.152265
136 0.389585 0.0927305
137 0.422629 0.133279
138 0.218719 0.116872
139 0.281412 0.132991
140 0.669295 0.118538
141 0.36505 0.100361
142 0.232491 0.1127
143 0.072873 0.105229
144 0.423267 0.125392
145 0.0983648 0.13354
146 0.54174 0.104139
147 0.328305 0.105693
148 0.160632 0.124815
149 0.381402 0.138787
150 0.486595 0.135757
151 0.264064 0.111754
152 0.408204 0.153932
153 0.254602 0.1355
154 0.230383 0.0954952
155 0.322373 0.111623
156 0.316598 0.122704
157 0.401311 0.132447
158 0.0723678 0.139228
159 0.254581 0.0987496
160 0.284242 0.0859234
161 0.0930785 0.149003
162 0.331572 0.142962
163 0.423537 0.0954469
164 0.213609 0.134116
165 0.443382 0.118006
166 0.311961 0.121182
167 0.301595 0.116877
168 0.0895483 0.142848
169 0.123589 0.0843904
170 0.221204 0.116124
171 0.282387 0.127949
172 0.279765 0.105083
173 0.295788 0.115744
174 0.352852 0.133279
175 0.356078 0.142186
176 0.4064 0.143493
177 0.357994 0.115163
178 0.380421 0.123274
179 0.317315 0.0910233
180 0.271447 0.0980967
181 0.237069 0.0835116
182 0.462298 0.128162
183 0.0581169 0.189664
184 0.421281 0.153824
185 0.384649 0.144802
186 0.152658 0.160236
187 0.160902 0.13286
188 0.303559 0.156357
189 0.314441 0.131827
190 0.259626 0.135885
191 0.431775 0.114171
192 0.176652 0.123422
193 0.363113 0.108945
194 0.538945 0.0973387
195 0.3181 0.147764
196 0.21039 0.121217
197 0.326276 0.133146
198 0.0947638 0.09671
199 0.224947 0.129305
200 0.238279 0.150822
201 0.327332 0.114715
202 0.416777 0.122079
203 0.115943 0.0898464
204 0.376627 0.156284
205 0.538046 0.113788
206 0.191148 0.159137
207 0.36526 0.110237
208 0.542925 0.127603
209 0.314375 0.129373
210 0.378042 0.172284
211 0.464988 0.13765
212 0.478762 0.149318
213 0.302726 0.142634
214 0.413694 0.118867
215 0.452552 0.138745
216 0.153833 0.0989939
217 0.3063 0.101905
218 0.290673 0.128527
219 0.276096 0.148779
220 0.324884 0.132919
221 0.407192 0.158371
222 0.337124 0.127765
223 0.146229 0.137814
224 0.226472 0.144713
225 0.321278 0.181335
226 0.378725 0.121834
227 0.214139 0.143525
228 0.169896 0.180628
229 0.226931 0.135982
230 0.372066 0.152083
231 0.159943 0.120668
232 0.234443 0.170811
233 0.238512 0.152045
234 0.402893 0.149654
235 0.166021 0.18312
236 0.429804 0.160513
237 0.566682 0.130783
238 0.480339 0.113968
239 0.535065 0.126248
240 0.33263 0.135482
241 0.36314 0.115711
242 0.346929 0.133923
243 0.464041 0.146372
244 0.453694 0.108247
245 0.372912 0.0914558
246 0.168785 0.153367
247 0.197702 0.12152
248 0.270557 0.124333
249 0.238481 0.0998264
250 0.372259 0.131824
251 0.330842 0.129723
252 0.107927 0.100434
253 -0.0312234 0.130976
254 0.31978 0.0865839
255 0.199318 0.124576
256 0.252528 0.126552
257 0.389436 0.128485
258 0.369912 0.108496
259 0.310757 0.10488
260 0.43857 0.148509
261 0.412859 0.134869
262 0.277369 0.115237
263 0.68468 0.135726
264 0.395327 0.13695
265 0.273882 0.156442
266 0.210259 0.157614
267 0.242044 0.145572
268 0.235885 0.147962
269 0.282341 0.120263
270 0.237354 0.126444
271 0.380406 0.125274
272 0.328237 0.122163
273 0.444714 0.117656
274 0.338514 0.115148
275 0.238659 0.117611
276 0.386714 0.129968
277 0.366469 0.162955
278 0.44899 0.122136
279 0.144188 0.126524
280 0.0356218 0.176176
281 0.0307462 0.132544
282 0.3532 0.14397
283 0.0100918 0.131357
284 0.22609 0.150135
285 0.26702 0.190305
286 0.303077 0.142295
287 0.368835 0.129127
288 0.0578952 0.126533
289 0.366233 0.139039
290 0.400493 0.150101
291 0.175973 0.181331
292 0.218517 0.186279
293 0.43654 0.146912
294 0.239652 0.115323
295 0.0423585 0.212611
296 0.0894915 0.179446
297 0.241119 0.139228
298 0.232215 0.191655
299 0 0
