0 0 0
1 -6.08666 2.18418
2 -1.0817 2.16606
3 0.162957 2.28143
4 -2.59144 2.40039
5 0.227269 1.64
6 1.89627 1.95845
7 -0.240324 1.76798
8 1.23267 1.65276
9 2.3191 1.58914
10 2.21154 1.46024
11 1.88165 2.12671
12 1.98407 2.31538
13 1.96734 1.62198
14 2.06061 1.50345
15 2.32963 1.72138
16 -4.41274 2.03743
17 -0.69338 1.95499
18 2.90765 1.91398
19 -1.18059 2.04211
20 1.40824 1.77925
21 1.47772 1.72132
22 1.68431 1.92317
23 -1.11402 1.67977
24 -2.63563 1.96968
25 1.13856 2.05617
26 1.8819 1.85213
27 -0.346906 2.12154
28 0.292068 2.36414
29 1.38259 1.60107
30 1.4324 1.66254
31 -0.63184 1.64916
32 0.84769 1.48692
33 -2.85478 1.32964
34 0.0542832 2.0235
35 -1.41535 2.25616
36 -0.540474 1.94797
37 -1.84023 1.97016
38 2.52717 1.54315
39 0.859761 1.20841
40 1.25969 1.31389
41 2.40322 1.79265
42 -2.02009 1.41668
43 3.82979 1.98433
44 0.530574 1.99318
45 1.46618 1.82509
46 -2.38249 1.75219
47 -0.348814 1.73987
48 3.27658 1.2568
49 0.776287 1.69071
50 0.659747 1.30056
51 -3.21836 2.09833
52 1.75134 2.12954
53 -2.89793 1.48961
54 -0.949662 2.37619
55 1.22922 1.44755
56 0.280479 1.29006
57 0.739294 1.68821
58 -2.98088 1.76503
59 -1.91812 1.99895
60 -1.70772 1.49039
61 -1.21172 1.7294
62 2.23755 1.75902
63 1.74903 1.46948
64 1.99583 1.80656
65 -1.40902 2.04401
66 0.414751 2.68643
67 -0.36381 1.74714
68 1.84905 1.60625
69 1.03482 1.73748
70 -3.48929 2.01105
71 1.84154 1.45673
72 0.0340059 1.97626
73 1.37956 1.97726
74 1.96733 2.04246
75 -0.0460003 2.14374
76 -0.180471 1.70735
77 -1.98855 2.06624
78 -1.12474 1.79775
79 1.19271 1.3847
80 -4.09625 1.82306
81 1.18311 1.34788
82 1.06345 1.89563
83 -0.295022 1.65791
84 -2.4886 1.87371
85 0.303852 1.97657
86 4.61482 1.41406
87 1.16657 1.3694
88 -0.308457 1.34078
89 -2.77579 1.69143
90 1.7256 2.84259
91 0.922993 1.5361
92 0.133747 1.86969
93 -1.34082 1.985
94 -0.50625 1.49953
95 -2.47123 2.5555
96 -1.36174 1.53434
97 -0.867496 1.66126
98 3.01925 1.64636
99 0.166727 2.33151
100 1.32817 1.43325
101 1.78894 1.48396
102 -3.96261 1.48968
103 -1.95896 2.30844
104 1.17771 1.5995
105 1.70691 1.20492
106 -0.0820407 2.22175
107 3.64554 1.47868
108 1.03114 1.35903
109 3.12876 1.67979
110 -3.86214 2.31083
111 2.52903 2.23359
112 -3.62316 1.91285
113 4.33988 2.04765
114 -0.358815 1.80301
115 -2.35423 1.75192
116 0.651739 1.62446
117 0.405125 1.40268
118 -0.765002 1.69248
119 1.32876 1.79774
120 1.76251 1.67447
121 2.26084 2.06518
122 0.54309 2.02014
123 -1.39564 1.86684
124 -0.233036 2.42595
125 0.32297 1.17058
126 0.407031 1.57431
127 -0.794375 1.96551
128 -0.273232 2.1337
129 0.927395 1.76556
130 -0.961573 1.75644
131 1.60557 1.43523
132 1.23391 1.24737
133 -0.423246 2.18795
134 1.0509 1.98252
135 4.34516 1.76021
136 -1.31261 1.58837
137 0.797925 2.16532
138 1.50331 1.35779
139 1.82581 2.23384
140 -0.683672 2.04275
141 2.14604 2.4871
142 -0.0957449 1.96706
143 -0.128803 1.60849
144 -1.64733 1.97441
145 -0.692849 2.21412
146 2.81748 2.04459
147 -0.785958 2.18612
148 0.160716 1.59846
149 1.62401 1.25915
150 -1.32362 2.10849
151 1.32163 1.62839
152 1.64227 1.78512
153 -1.83201 1.31773
154 -1.12544 1.60944
155 -1.4882 1.73675
156 2.43744 2.26228
157 0.994441 1.44284
158 1.26242 1.62772
159 2.73929 1.77814
160 -1.57951 1.8532
161 -1.82668 1.97837
162 0.374145 1.46926
163 0.962487 1.94411
164 -0.187778 1.97103
165 -3.98102 2.27947
166 1.2724 1.84167
167 3.58831 1.69612
168 0.134679 1.19993
169 0.84902 1.55834
170 2.15153 1.85101
171 -0.693114 1.68074
172 0.180753 2.33471
173 0.65196 1.25847
174 0.143911 1.65651
175 2.50872 1.17623
176 -5.05091 2.06095
177 -0.761867 1.61303
178 -0.812311 2.479
179 0.964129 2.02695
180 2.6396 1.58701
181 3.15335 1.68662
182 2.88684 1.80898
183 -2.57475 1.47721
184 2.23602 1.19562
185 -0.948903 1.90746
186 -0.994901 2.54267
187 -2.80653 1.41556
188 2.38636 1.69618
189 0.147711 1.6589
190 0.405035 1.73162
191 -0.927655 1.69367
192 -0.215217 1.83675
193 -0.226836 1.69619
194 1.37003 1.98607
195 -1.62233 1.46603
196 3.75108 1.7906
197 3.5682 1.74381
198 2.81028 2.492
199 -0.775008 1.796
200 -1.87122 1.85824
201 5.25707 1.53362
202 -0.613743 2.03016
203 0.185725 2.15382
204 3.80037 2.0441
205 -3.74463 2.0688
206 -2.93854 2.01879
207 1.51962 1.94984
208 2.42231 2.23706
209 -1.0987 1.93256
210 -2.52177 1.77102
211 0.979179 1.83217
212 -1.22919 1.93439
213 -2.17658 2.48342
214 0.352769 1.88275
215 0.190391 1.40331
216 1.04927 2.4673
217 -2.15975 2.17193
218 -2.08353 1.42098
219 3.88883 2.22958
220 -1.23272 1.39459
221 0.374302 1.86229
222 -2.41277 1.65762
223 -1.33466 1.83294
224 2.46676 1.89011
225 3.11259 1.67067
226 -2.12592 1.48199
227 -0.412594 1.96181
228 3.20841 1.68947
229 -2.26378 2.16383
230 -1.37606 1.58304
231 -0.224094 1.79834
232 0.655657 1.59416
233 1.39516 2.48861
234 -1.72459 1.88481
235 0.602579 1.74433
236 3.08572 1.95055
237 0.286048 1.16453
238 -0.325397 2.02185
239 -1.02505 2.23672
240 -3.65458 1.70585
241 -0.518793 1.45267
242 -1.01577 1.83451
243 -0.904214 2.07111
244 -1.49765 1.42038
245 4.59321 1.40073
246 0.659439 2.07722
247 0.779631 1.14736
248 2.90434 1.63301
249 -4.22908 1.64047
250 1.81769 1.93022
251 -0.937724 2.02608
252 2.13248 1.48978
253 0.0317868 1.42871
254 1.63856 1.82582
255 -1.52908 1.9714
256 -4.35335 1.64781
257 1.21506 1.63575
258 2.34488 1.52818
259 0.916942 1.56633
260 -1.84724 1.87378
261 0.0935572 1.3925
262 -0.308857 1.53959
263 -1.86938 2.20868
264 1.12106 1.7528
265 -0.0472847 1.60303
266 1.65924 1.52904
267 1.34579 1.51108
268 2.39256 2.51877
269 -0.856234 1.91959
270 1.63813 1.89432
271 -0.95117 1.74719
272 0.38014 1.55277
273 0.922398 1.81613
274 1.78479 1.57864
275 -0.726132 2.03242
276 -1.85602 1.37345
277 -1.95432 1.85367
278 -0.257907 2.57663
279 -3.99172 2.05124
280 0.589214 2.24786
281 0.831581 1.40122
282 1.13462 2.25557
283 -0.600983 1.51045
284 0.38398 1.36243
285 -1.01572 1.4816
286 1.94259 2.09505
287 -3.24051 2.08595
288 -0.504155 1.55404
289 0.381315 1.74271
290 -0.0944198 1.43005
291 -1.13653 1.66838
292 0.833428 2.00084
293 -0.541073 2.21129
294 2.67581 2.47979
295 -0.388299 1.88943
296 1.88178 1.64205
297 0.376589 1.41147
298 -0.674476 1.39931
299 0 0
