0 0.307442 0.00381724
1 -0.768697 0.551322
2 0.77604 0.530219
3 0.878568 0.450989
4 0.171524 0.544194
5 0.61822 0.56711
6 1.18441 0.352791
7 0.0214911 0.297976
8 0.728272 0.3177
9 0.230236 0.402567
10 0.801474 0.408367
11 0.585148 0.429
12 0.932713 0.477054
13 0.470429 0.515094
14 0.901422 0.368925
15 0.52277 0.33498
16 -0.335432 0.418628
17 0.606146 0.384183
18 1.32419 0.362184
19 0.167679 0.52174
20 0.97983 0.369331
21 0.548337 0.353873
22 0.860836 0.309383
23 -0.184267 0.457298
24 0.00943285 0.287868
25 -0.0477603 0.409691
26 0.467986 0.354144
27 0.141264 0.391131
28 0.271932 0.451107
29 0.208525 0.307431
30 0.534019 0.3832
31 0.0680779 0.457396
32 0.230384 0.335454
33 -0.112509 0.261109
34 0.494584 0.449134
35 0.698205 0.4296
36 0.222949 0.446217
37 0.1724 0.410691
38 0.456311 0.382631
39 0.615726 0.356206
40 0.207105 0.303036
41 0.598623 0.380894
42 0.0391992 0.34768
43 0.713175 0.332571
44 0.220134 0.419988
45 0.915254 0.362373
46 0.143005 0.404692
47 0.0630003 0.379471
48 0.276107 0.343733
49 -0.0784427 0.378317
50 0.654763 0.171232
51 0.255554 0.398639
52 0.586636 0.287812
53 0.0961588 0.330069
54 0.219666 0.34932
55 0.815936 0.332919
56 0.846014 0.302507
57 0.600049 0.426715
58 0.149615 0.294968
59 0.169094 0.455782
60 0.00113221 0.438836
61 -0.367822 0.394583
62 0.860361 0.195989
63 0.219351 0.29712
64 0.428729 0.322179
65 0.0754889 0.384879
66 0.118483 0.58441
67 1.09487 0.292688
68 0.813972 0.377144
69 0.310623 0.299533
70 0.019428 0.363075
71 0.689843 0.328404
72 0.486023 0.436483
73 0.342153 0.314383
74 1.20424 0.30008
75 0.922472 0.313925
76 0.230177 0.426707
77 -0.037563 0.321385
78 0.420433 0.292128
79 0.51725 0.435509
80 -0.357748 0.411724
81 0.0164299 0.403101
82 0.277409 0.350897
83 0.439581 0.29725
84 0.0380646 0.356978
85 0.394493 0.33389
86 0.712086 0.244484
87 0.162466 0.355526
88 0.477675 0.346319
89 -0.0327871 0.380741
90 0.624558 0.521296
91 0.256241 0.373958
92 0.410489 0.358552
93 0.254411 0.42143
94 0.377669 0.381319
95 -0.411927 0.370962
96 0.220386 0.335598
97 0.375647 0.377947
98 0.771079 0.403677
99 0.0203812 0.403817
100 0.337285 0.306251
101 0.447362 0.25968
102 -0.685057 0.241509
103 -0.39091 0.406603
104 0.0847787 0.376802
105 0.827438 0.347394
106 0.398937 0.482406
107 0.736207 0.33591
108 -0.300809 0.304502
109 0.36789 0.427646
110 -0.159005 0.370821
111 0.442527 0.38392
112 0.0716019 0.362831
113 1.27856 0.476541
114 0.224388 0.346079
115 -0.112214 0.402048
116 0.104132 0.331391
117 0.235326 0.342455
118 0.25426 0.262396
119 -0.0160117 0.376199
120 0.578204 0.349809
121 0.049548 0.443208
122 0.179325 0.376674
123 0.538231 0.396269
124 0.112437 0.39812
125 0.166159 0.212985
126 -0.0910781 0.30986
127 0.400383 0.387326
128 0.248146 0.365943
129 0.18758 0.425087
130 0.0864472 0.342299
131 0.52045 0.308012
132 0.433439 0.295274
133 0.297293 0.312078
134 0.0810321 0.345444
135 1.07105 0.42513
136 0.0308292 0.419893
137 0.602286 0.408432
138 0.477571 0.370032
139 0.349636 0.45242
140 0.303024 0.462524
141 0.872636 0.416544
142 0.233303 0.315044
143 0.592298 0.294
144 -0.221156 0.411261
145 0.639931 0.372416
146 0.593468 0.357389
147 0.366799 0.446593
148 -0.0660425 0.356569
149 0.767866 0.295241
150 0.11767 0.353924
151 0.602175 0.385408
152 0.839078 0.344857
153 0.0759575 0.400955
154 0.30024 0.416476
155 -0.0617451 0.390111
156 0.707617 0.494076
157 -0.146342 0.164171
158 0.903888 0.324877
159 0.670677 0.437025
160 0.0671668 0.373447
161 -0.053627 0.312573
162 0.276438 0.307931
163 0.13969 0.326114
164 0.278519 0.29297
165 0.566722 0.404676
166 0.712295 0.361805
167 0.395953 0.344721
168 0.0282161 0.309115
169 0.862854 0.432099
170 0.455542 0.351909
171 0.194567 0.389892
172 0.550095 0.368223
173 0.698241 0.322362
174 0.163355 0.401076
175 0.123066 0.233864
176 0.0276363 0.331324
177 -0.272408 0.3132
178 0.15448 0.396528
179 0.961089 0.369849
180 0.8 0.365057
181 0.560305 0.297704
182 0.259393 0.472783
183 0.361144 0.358391
184 0.825966 0.304606
185 -0.35014 0.30226
186 0.152626 0.438485
187 -0.170072 0.452115
188 0.603048 0.347865
189 0.639511 0.336092
190 0.477751 0.361589
191 0.219348 0.325101
192 0.232314 0.402064
193 0.176052 0.348134
194 0.337042 0.474275
195 0.196807 0.394408
196 1.06453 0.417308
197 0.540799 0.280922
198 0.280919 0.392835
199 0.478613 0.357869
200 -0.942665 0.295188
201 0.785144 0.347306
202 0.268109 0.401616
203 0.250276 0.334022
204 0.340186 0.486861
205 -0.258539 0.379381
206 -0.18159 0.403046
207 0.0575212 0.223328
208 0.980721 0.395926
209 -0.0372944 0.343169
210 0.428789 0.358481
211 0.567761 0.429713
212 -0.0609339 0.390673
213 0.573188 0.397148
214 0.311088 0.331847
215 0.283771 0.296831
216 -0.0192981 0.36654
217 -0.125816 0.324908
218 -0.084704 0.327778
219 0.829394 0.473404
220 -0.244265 0.400091
221 0.14058 0.346724
222 0.115959 0.287759
223 -0.148604 0.336193
224 0.692193 0.334705
225 0.850799 0.381712
226 0.1272 0.431245
227 -0.118575 0.357104
228 0.346063 0.331324
229 -0.153703 0.421241
230 0.66822 0.310853
231 0.48106 0.339048
232 0.493042 0.339549
233 0.745144 0.431476
234 0.101864 0.392788
235 -0.0189339 0.41624
236 0.792635 0.454239
237 0.0374459 0.308547
238 0.283541 0.449993
239 0.429365 0.418919
240 -0.146442 0.366379
241 -0.316981 0.346731
242 -0.480366 0.382814
243 0.380073 0.417774
244 0.392789 0.320688
245 1.09238 0.317745
246 0.300264 0.370587
247 0.210001 0.302449
248 0.585783 0.508133
249 0.13888 0.421012
250 0.247998 0.243177
251 -0.198044 0.419344
252 0.419691 0.346093
253 0.0487261 0.22323
254 0.460395 0.401278
255 -0.0306451 0.358885
256 -0.531292 0.311601
257 0.577792 0.400881
258 0.766764 0.345617
259 0.477783 0.381479
260 0.174262 0.364967
261 0.565062 0.333389
262 0.584757 0.240232
263 0.107337 0.305166
264 0.215334 0.345968
265 0.225343 0.359367
266 0.850296 0.332364
267 0.588907 0.374574
268 0.488784 0.390187
269 -0.495451 0.386147
270 0.946513 0.305
271 0.409926 0.361606
272 0.531553 0.330643
273 0.559277 0.408994
274 0.629349 0.329786
275 0.344863 0.359944
276 -0.143983 0.318155
277 0.122965 0.360276
278 0.269791 0.529002
279 0.110635 0.406502
280 0.479115 0.382977
281 0.195158 0.357008
282 0.468693 0.420298
283 0.865192 0.353224
284 0.514169 0.334075
285 0.00294631 0.414326
286 0.882175 0.381312
287 0.373985 0.4562
288 0.0616338 0.332377
289 0.458637 0.394175
290 0.517143 0.291703
291 0.260946 0.438468
292 0.588311 0.315315
293 -0.411002 0.580194
294 0.192822 0.523991
295 0.551176 0.544479
296 0.811385 0.5053
297 0.320466 0.522119
298 0.59033 0.437447
299 0.304615 0.0035856
