-0.153962   -0.305996   0.3862
-0.030533   -0.0981717   -0.407043
0.433479   -0.100863   -0.432988
-0.36301   0.114085   0.416219
0.0580124   0.374841   0.224379
-0.307745   -0.356458   0.453232
0.223643   0.399944   -0.0583132
-0.212161   0.341146   -0.345464
0.0850828   -0.127734   0.219011
-0.29399   -0.236284   0.181652
-0.467108   -0.336993   0.0160163
0.248789   0.210002   -0.386084
0.0283174   -0.216852   -0.30006
-0.1247   0.131155   -0.151632
0.17672   -0.182495   -0.0331939
-0.0224161   -0.256588   -0.0742895
-0.14494   -0.312414   -0.485
0.168555   -0.0910907   -0.456036
0.00862464   0.210754   0.173268
0.289744   0.100511   -0.483202
0.117446   -0.103118   0.0417332
0.143807   -0.325686   0.454367
-0.0309597   -0.264505   0.0293679
0.473261   -0.264389   -0.0638605
0.392546   -0.460837   0.0889456
-0.367852   0.355186   0.491719
-0.181335   0.341498   0.156189
0.227618   -0.351852   -0.0458796
0.256687   -0.149562   0.0685265
-0.352759   -0.366276   -0.342611
-0.433929   0.243351   0.331692
0.17771   0.237271   0.458329
0.234639   0.101953   0.42746
-0.415278   0.422083   -0.451588
0.146072   -0.445172   0.21713
-0.0966073   0.18422   -0.229439
0.0634507   -0.268557   -0.0388586
0.125068   -0.226448   -0.496141
-0.178869   -0.290752   -0.338194
0.00571302   -0.0928823   0.227179
0.154999   -0.0237879   0.294178
-0.252441   -0.34753   -0.0171964
0.000702565   0.0563045   0.342423
0.00849254   -0.490655   0.31232
0.389923   -0.275351   -0.396126
0.406921   0.471407   0.254168
0.424655   -0.224585   -0.494913
-0.0624438   0.164014   0.236839
-0.302583   -0.294962   -0.485659
-0.233282   0.287471   0.241628
-0.468207   0.327429   -0.199936
-0.230354   -0.414782   0.233858
-0.0168557   -0.222609   -0.189424
-0.41665   -0.455088   0.451332
-0.144192   0.378843   -0.412566
-0.111888   -0.487858   -0.474243
0.28895   -0.0707223   0.266798
0.0747063   0.370105   0.426013
-0.4172   0.0615872   0.374283
-0.164152   0.496746   -0.0489982
0.428578   0.394432   0.338418
-0.232626   0.424831   0.157653
-0.0958261   0.249288   0.238902
-0.0434831   -0.431449   -0.137102
-0.361848   0.240346   -0.34598
0.324479   0.0779545   0.14375
-0.118087   0.0659989   -0.320655
-0.0438525   -0.0304193   -0.314401
0.485676   -0.356832   0.0735864
0.00113678   -0.00555695   0.399078
-0.00692994   -0.0765583   0.473777
-0.369708   -0.344929   -0.422825
-0.49177   0.343818   0.493241
-0.265771   0.210475   0.278213
0.222124   0.110744   0.267972
-0.226551   0.191754   -0.191518
-0.21683   -0.290321   0.492899
0.075451   0.126789   -0.471147
0.466702   0.11311   0.302393
0.0569615   -0.448352   -0.269566
-0.389195   -0.492453   0.302656
-0.225903   0.174194   0.206828
0.445839   0.426294   0.0337031
0.233803   -0.274526   0.0831965
-0.153593   -0.492198   0.389274
-0.173558   0.111759   0.263522
0.454326   -0.46964   -0.369515
-0.314692   0.431081   -0.496375
-0.315834   0.448673   -0.370887
-0.478963   -0.372161   -0.0696017
-0.341727   -0.217272   -0.0622725
0.196708   -0.300356   -0.108005
-0.446835   0.138481   0.388942
-0.453256   0.409871   -0.341787
0.104227   -0.302597   0.382816
-0.350696   -0.488335   -0.447454
-0.363315   0.32947   -0.114668
-0.268615   -0.384271   -0.359555
0.157136   0.159543   0.255881
0.18521   -0.436139   -0.460078
-0.221413   -0.445838   0.360415
0.369026   -0.0821044   -0.0677989
-0.281217   0.215684   0.162527
-0.420158   0.348699   -0.257378
-0.103675   0.255551   0.3878
0.168024   0.176355   -0.0407399
-0.00662605   0.210708   0.272461
-0.352253   -0.371481   -0.20702
