-0.153982   -0.306031   0.386201
-0.0305055   -0.098141   -0.407062
0.433435   -0.10083   -0.432967
-0.363034   0.114039   0.416282
0.0580115   0.374858   0.224359
-0.307683   -0.356535   0.453207
0.223668   0.399967   -0.058218
-0.212186   0.341168   -0.345463
0.0851566   -0.127805   0.219057
-0.293975   -0.236318   0.1817
-0.467085   -0.33697   0.0159938
0.248874   0.210043   -0.386043
0.0284107   -0.216948   -0.300016
-0.124703   0.131165   -0.151637
0.176681   -0.182509   -0.0331701
-0.0223597   -0.256626   -0.0743509
-0.144931   -0.312356   -0.485017
0.16851   -0.091043   -0.456046
0.00869845   0.210783   0.173221
0.289745   0.100471   -0.483179
0.117473   -0.103072   0.041816
0.143829   -0.325665   0.454413
-0.0309445   -0.264454   0.0294169
0.473238   -0.264369   -0.0638719
0.392533   -0.46082   0.0889276
-0.367848   0.355258   0.491692
-0.18129   0.341507   0.15614
0.227628   -0.351963   -0.0458543
0.256678   -0.149584   0.0685116
-0.352725   -0.366291   -0.342662
-0.433826   0.243381   0.331697
0.177687   0.237322   0.458311
0.234643   0.101924   0.427515
-0.415283   0.422106   -0.451572
0.146037   -0.445151   0.21709
-0.0966366   0.184194   -0.229437
0.0634306   -0.268578   -0.038838
0.125108   -0.226458   -0.49611
-0.178812   -0.290768   -0.338238
0.00572068   -0.0928592   0.227161
0.154991   -0.0238183   0.294168
-0.252522   -0.347533   -0.0171874
0.000716465   0.056307   0.342456
0.00847973   -0.490639   0.312356
0.38988   -0.275372   -0.396125
0.406861   0.471371   0.254207
0.424682   -0.224594   -0.494946
-0.0624549   0.164016   0.236756
-0.302631   -0.294954   -0.485667
-0.233213   0.287439   0.241647
-0.468288   0.327399   -0.199929
-0.230336   -0.414777   0.233804
-0.0168787   -0.222637   -0.189432
-0.416667   -0.455084   0.451402
-0.144179   0.378831   -0.412567
-0.111817   -0.487843   -0.474232
0.28897   -0.0706653   0.266812
0.0747937   0.370098   0.426012
-0.417201   0.0615783   0.37436
-0.164126   0.496787   -0.0490588
0.428595   0.394384   0.338404
-0.232732   0.424773   0.157659
-0.095833   0.249305   0.238913
-0.0435434   -0.43148   -0.13709
-0.361881   0.240325   -0.34596
0.324486   0.0778864   0.143703
-0.118139   0.0660228   -0.320618
-0.043825   -0.0304064   -0.314506
0.485719   -0.356851   0.0734957
0.00108949   -0.00553484   0.399083
-0.00687204   -0.0764762   0.473785
-0.369673   -0.344919   -0.422838
-0.491801   0.343767   0.493158
-0.265698   0.210482   0.278184
0.222094   0.110732   0.268089
-0.22668   0.191761   -0.191561
-0.216851   -0.290362   0.492965
0.0753981   0.126768   -0.4711
0.466726   0.113094   0.30234
0.0569938   -0.448307   -0.269573
-0.389225   -0.492486   0.302714
-0.22592   0.174147   0.206867
0.445835   0.426252   0.0337199
0.233817   -0.274498   0.0831141
-0.153618   -0.49218   0.38931
-0.17361   0.111831   0.263537
0.454339   -0.469623   -0.36943
-0.314689   0.431141   -0.496409
-0.315865   0.448612   -0.370873
-0.478916   -0.372196   -0.069563
-0.34165   -0.217254   -0.0623273
0.19666   -0.300291   -0.107982
-0.446878   0.138493   0.388951
-0.453303   0.409887   -0.341746
0.104258   -0.302597   0.382843
-0.350811   -0.48832   -0.447482
-0.36326   0.329488   -0.11464
-0.268632   -0.384286   -0.359639
0.157083   0.159554   0.255894
0.18524   -0.43612   -0.460135
-0.221414   -0.44584   0.360283
0.369106   -0.082102   -0.0678341
-0.281252   0.215755   0.162458
-0.420191   0.348667   -0.257408
-0.103642   0.255557   0.387784
0.168   0.176334   -0.0407347
-0.00661762   0.210689   0.272519
-0.352323   -0.371431   -0.207045
