0.5   -0.974542 0.000269845
0.51   -0.970632 0.000260271
0.52   -0.967874 0.000269688
0.53   -0.962775 0.000326648
0.54   -0.959708 0.000430156
0.55   -0.955153 0.000388706
0.56   -0.951414 0.000273841
0.57    -0.94764 0.000216154
0.58   -0.943477 0.000328001
0.59   -0.939393 0.000305252
0.6   -0.935383 0.000357678
0.61    -0.93104 0.000318594
0.62   -0.926251 0.000321508
0.63   -0.922044 0.000283835
0.64   -0.917525 0.000246603
0.65   -0.913355 0.000292702
0.66   -0.909249 0.000303414
0.67   -0.905372 0.000339228
0.68   -0.900719 0.000328185
0.69   -0.895898  0.00025942
0.7   -0.892158 0.000248622
0.71   -0.887528 0.000225242
0.72   -0.883366 0.000273853
0.73    -0.87897  0.00022919
0.74   -0.874392 0.000218259
0.75    -0.87016 0.000231287
0.76   -0.865788 0.000222629
0.77   -0.861325 0.000280714
0.78   -0.856942 0.000258529
0.79   -0.852664 0.000194941
0.8   -0.848242 0.000258789
0.81   -0.844045 0.000226103
0.82   -0.839483 0.000208525
0.83   -0.835514 0.000199623
0.84   -0.830536 0.000166988
0.85   -0.826279 0.000224637
0.86   -0.821821 0.000183496
0.87   -0.817505 0.000171473
0.88    -0.81365 0.000166255
0.89   -0.808601 0.000131468
0.9   -0.804458 0.000197308
0.91   -0.799886 0.000228664
0.92   -0.795608 0.000191433
0.93   -0.791549 0.000167548
0.94   -0.787202 0.000152802
0.95   -0.783176 0.000120785
0.96   -0.778613 0.000169987
0.97   -0.774439 0.000137318
0.98   -0.770338 0.000158839
0.99   -0.765741 0.000203236
1   -0.761482 0.000183131
1.01   -0.757311   0.0001478
1.02   -0.753491 0.000195514
1.03   -0.749087 0.000171056
1.04   -0.744749 0.000152617
1.05   -0.740837   0.0001503
1.06   -0.736637 0.000218108
1.07   -0.732416 0.000152575
1.08   -0.728653 0.000182322
1.09    -0.72462 0.000127592
1.1    -0.72078 0.000118715
1.11   -0.716641 0.000147052
1.12   -0.712697 0.000102653
1.13   -0.708999 0.000133554
1.14   -0.705042 0.000137883
1.15    -0.70113 0.000144287
1.16   -0.697205 0.000139536
1.17   -0.693463 0.000189468
1.18   -0.689632 0.000132193
1.19   -0.685798 0.000150976
1.2   -0.682278  0.00015892
1.21   -0.678364 0.000164905
1.22   -0.674999 0.000105251
1.23    -0.67101 0.000124724
1.24   -0.667576 0.000126284
1.25   -0.663932 0.000153296
1.26   -0.660465  0.00012921
1.27   -0.656869 0.000144775
1.28   -0.653361 9.21289e-05
1.29   -0.649911 0.000110995
1.3   -0.646339  0.00012555
1.31   -0.642925 0.000132392
1.32   -0.639382 0.000170359
1.33   -0.635958 0.000102586
1.34   -0.632866  0.00015719
1.35   -0.629726 0.000137921
1.36   -0.626323 0.000134161
1.37   -0.623094  0.00010635
1.38   -0.619662 0.000133177
1.39   -0.616612 0.000143457
1.4   -0.613277 0.000125866
1.41   -0.610267 0.000103354
1.42   -0.607206 0.000149616
1.43    -0.60366 0.000112405
1.44   -0.601013 0.000135228
1.45   -0.597771 0.000151137
1.46   -0.594729 0.000131567
1.47   -0.591817 0.000126227
1.48   -0.588704 0.000129346
1.49   -0.585788 0.000155051
1.5   -0.582746 0.000129697
1.51   -0.579872 0.000115091
1.52   -0.577115  0.00012344
1.53   -0.574086 0.000131269
1.54   -0.571429 9.74607e-05
1.55   -0.568331 0.000131408
1.56    -0.56557 9.96772e-05
1.57    -0.56258 0.000111537
1.58   -0.560004 0.000120158
1.59   -0.557327 0.000113103
1.6   -0.554814  0.00010412
1.61   -0.551625 9.44052e-05
1.62   -0.549236 0.000136676
1.63   -0.546581 0.000123844
1.64   -0.543856 0.000114488
1.65   -0.541257  0.00011525
1.66   -0.538594 0.000121779
1.67   -0.536154  0.00013005
1.68   -0.533471 9.34017e-05
1.69     -0.5312 9.01044e-05
1.7   -0.528561  0.00011282
1.71   -0.526233 8.01787e-05
1.72   -0.523543 0.000118456
1.73   -0.521355 0.000121463
1.74    -0.51898 9.61821e-05
1.75   -0.516488 0.000148651
1.76   -0.513978 9.92322e-05
1.77   -0.511704 0.000113968
1.78    -0.50931 0.000112657
1.79   -0.507045 9.71981e-05
1.8   -0.504668 9.70881e-05
1.81   -0.502263 7.82143e-05
1.82   -0.500173 0.000128091
1.83   -0.497974 0.000120691
1.84   -0.495535 9.30193e-05
1.85   -0.493388 0.000128834
1.86    -0.49123  8.5314e-05
1.87   -0.489146 0.000111546
1.88   -0.487002 0.000145058
1.89   -0.484583 0.000136017
1.9   -0.482528 0.000110064
1.91   -0.480474 0.000128022
1.92   -0.478268 0.000123796
1.93   -0.476394  9.1496e-05
1.94   -0.474188 0.000135494
1.95   -0.472126 0.000123198
1.96   -0.470017 0.000104778
1.97   -0.468009 0.000116724
1.98   -0.465994 0.000104606
1.99   -0.464169 0.000111329
2   -0.462281 0.000107834
