0.5     79.4512    0.250941
0.51     74.9086    0.257464
0.52      71.613    0.261074
0.53     66.4739    0.317469
0.54     63.4168    0.385325
0.55     59.2645    0.332712
0.56     56.1744    0.249041
0.57     53.1843    0.172877
0.58     49.9898     0.26565
0.59     47.1056    0.293408
0.6     44.4907     0.28459
0.61     41.8245    0.267089
0.62     38.8801    0.225258
0.63     36.6129    0.221005
0.64     34.3664    0.175545
0.65     32.3622    0.190652
0.66     30.8576    0.180607
0.67     29.4806    0.213507
0.68     27.6957    0.179827
0.69     25.8162    0.149014
0.7      24.679    0.117632
0.71      23.283    0.121129
0.72     22.1401    0.121736
0.73     21.1521    0.113435
0.74     19.8845    0.088879
0.75     19.2495    0.116787
0.76     18.2753    0.108159
0.77     17.4006     0.12149
0.78     16.5042   0.0905056
0.79     15.9217   0.0647445
0.8     15.2424   0.0637129
0.81     14.5947   0.0500214
0.82     13.9455   0.0723303
0.83     13.4523   0.0517089
0.84     12.8795   0.0755144
0.85     12.4026    0.054578
0.86      11.856   0.0601812
0.87     11.3488   0.0408496
0.88     11.0871   0.0386264
0.89     10.6205   0.0447225
0.9     10.2553   0.0566022
0.91     9.85969   0.0431062
0.92     9.54021   0.0387815
0.93     9.25901   0.0375626
0.94     8.90584   0.0277555
0.95      8.6505   0.0331573
0.96     8.39882   0.0160871
0.97     8.09132   0.0293192
0.98     7.87454   0.0281294
0.99     7.59309   0.0232486
1     7.38223   0.0273195
1.01     7.12423    0.023218
1.02     6.95867   0.0255726
1.03     6.76522    0.021669
1.04     6.55865   0.0183062
1.05     6.37126   0.0217079
1.06     6.21166   0.0172855
1.07     6.04405    0.018128
1.08     5.93885   0.0226616
1.09     5.73438   0.0164114
1.1      5.5878   0.0146493
1.11      5.4123   0.0138125
1.12     5.31228   0.0102517
1.13     5.21017   0.0127697
1.14     5.06391   0.0104963
1.15     4.96596   0.0136916
1.16     4.81978   0.0131531
1.17     4.73486   0.0123869
1.18     4.60808   0.0151745
1.19     4.49683   0.0092716
1.2     4.40823   0.0169149
1.21     4.31667   0.0122789
1.22     4.21459   0.0095065
1.23     4.11482   0.0104217
1.24     4.05839   0.0120062
1.25     3.95126   0.0106719
1.26     3.88577   0.0075167
1.27      3.8086  0.00934004
1.28     3.72862  0.00787612
1.29     3.65365  0.00591956
1.3     3.58034  0.00742513
1.31     3.51537    0.006773
1.32     3.44362  0.00748933
1.33     3.37879  0.00511763
1.34     3.31666  0.00822078
1.35      3.2604  0.00676283
1.36     3.20528  0.00623386
1.37     3.14057  0.00823423
1.38     3.08292  0.00765198
1.39     3.04266  0.00576691
1.4     2.97912  0.00631536
1.41      2.9288    0.005361
1.42     2.88491  0.00579336
1.43     2.82921  0.00504189
1.44      2.7867  0.00620668
1.45     2.74129  0.00503973
1.46     2.70189   0.0060574
1.47     2.64672  0.00490837
1.48     2.60901  0.00531258
1.49     2.56722  0.00507081
1.5     2.52857  0.00378056
1.51     2.48955  0.00360284
1.52     2.45287  0.00445916
1.53     2.42128   0.0034194
1.54     2.37896  0.00337096
1.55     2.34613  0.00502016
1.56     2.30928  0.00542317
1.57     2.26309  0.00472933
1.58     2.24347  0.00509705
1.59     2.21133  0.00433263
1.6     2.18161  0.00354001
1.61     2.15197  0.00417019
1.62     2.12386  0.00432767
1.63     2.09312  0.00396262
1.64     2.06394  0.00302328
1.65     2.03227  0.00341182
1.66     2.00713   0.0036409
1.67       1.979  0.00390492
1.68     1.95424  0.00330428
1.69     1.92956  0.00350529
1.7     1.90718  0.00373535
1.71     1.88617  0.00202453
1.72     1.85843  0.00286594
1.73     1.83971  0.00215616
1.74     1.81601  0.00252886
1.75     1.79462  0.00371776
1.76     1.76475  0.00272495
1.77     1.75297  0.00279183
1.78     1.72453  0.00270808
1.79     1.70655  0.00234422
1.8     1.68579  0.00232548
1.81     1.66578  0.00270406
1.82     1.64635  0.00233267
1.83     1.63473   0.0024282
1.84     1.60949  0.00271732
1.85     1.59581  0.00284646
1.86     1.57591  0.00276814
1.87     1.55422  0.00222074
1.88     1.53903  0.00229384
1.89     1.52611  0.00244144
1.9     1.51054  0.00197775
1.91     1.49029   0.0019686
1.92     1.48057  0.00214411
1.93     1.45836  0.00189475
1.94     1.44453  0.00187072
1.95     1.43043  0.00255882
1.96     1.41032  0.00182757
1.97     1.39776  0.00173713
1.98     1.38618  0.00257403
1.99     1.37188  0.00197033
2     1.36249  0.00178751
