0.5   -0.973976 0.000609728
0.51   -0.971151 0.000436376
0.52   -0.967335  0.00039097
0.53   -0.962971 0.000341075
0.54   -0.959771 0.000416107
0.55   -0.956469 0.000458892
0.56   -0.952056 0.000467207
0.57   -0.947212 0.000506218
0.58   -0.943449 0.000516119
0.59   -0.939362 0.000481075
0.6   -0.935041 0.000430284
0.61   -0.930688 0.000400461
0.62   -0.926313 0.000340837
0.63    -0.92211 0.000406189
0.64   -0.918628 0.000347037
0.65   -0.914041 0.000378903
0.66   -0.909254  0.00036663
0.67   -0.905145 0.000326654
0.68   -0.900819 0.000309354
0.69   -0.896513 0.000324026
0.7   -0.892217 0.000268743
0.71   -0.888288 0.000268626
0.72   -0.883741 0.000235327
0.73   -0.879312 0.000288562
0.74   -0.874598 0.000300189
0.75   -0.870233 0.000251034
0.76   -0.866103 0.000214562
0.77   -0.861047 0.000278864
0.78   -0.857324 0.000198472
0.79   -0.852899  0.00021988
0.8   -0.848804  0.00020566
0.81   -0.844137 0.000314422
0.82   -0.839411 0.000211062
0.83   -0.835372 0.000264339
0.84   -0.831015 0.000203442
0.85   -0.826313 0.000211635
0.86   -0.822561 0.000206279
0.87    -0.81779 0.000241623
0.88   -0.813248 0.000222664
0.89   -0.808962 0.000218466
0.9   -0.804129 0.000176128
0.91   -0.800229 0.000247053
0.92   -0.795628 0.000168391
0.93    -0.79095 0.000240984
0.94   -0.787253 0.000263622
0.95    -0.78303 0.000269031
0.96    -0.77849 0.000131251
0.97   -0.774464 0.000231099
0.98   -0.770156 0.000187575
0.99   -0.765997 0.000201874
1   -0.761324 0.000190484
1.01   -0.757344   0.0002071
1.02   -0.753482 0.000154937
1.03    -0.74913 0.000238727
1.04   -0.744963 0.000103522
1.05   -0.740678 0.000139254
1.06   -0.736559 0.000197474
1.07   -0.732701 0.000157155
1.08   -0.728681 0.000127568
1.09   -0.724501 0.000161465
1.1   -0.720685 0.000243338
1.11   -0.716771 0.000211004
1.12   -0.712797 0.000173791
1.13   -0.708797 0.000130312
1.14   -0.705273 0.000171921
1.15    -0.70087  0.00016142
1.16   -0.697185 0.000165569
1.17   -0.693779 0.000128334
1.18   -0.689793 0.000146424
1.19   -0.686112 0.000130851
1.2   -0.681941 0.000148937
1.21   -0.678549 0.000143213
1.22   -0.674986 0.000168198
1.23    -0.67119 0.000176325
1.24   -0.667788 0.000197472
1.25   -0.663983 0.000141757
1.26   -0.660351 0.000177729
1.27   -0.656869  0.00018664
1.28   -0.653353 0.000155358
1.29   -0.649884 0.000175019
1.3   -0.646443 0.000178657
1.31   -0.643084 0.000166699
1.32   -0.639652 0.000168504
1.33   -0.636188 0.000120614
1.34   -0.632577 0.000153908
1.35   -0.629769 0.000173247
1.36    -0.62617 0.000178672
1.37   -0.622928 0.000153165
1.38    -0.61986 0.000144916
1.39   -0.616677 0.000135415
1.4   -0.613159   0.0001717
1.41   -0.610559 0.000175937
1.42   -0.607046 0.000151258
1.43   -0.603977 0.000120963
1.44   -0.600951 0.000141241
1.45   -0.597809 0.000123841
1.46   -0.594807 0.000176059
1.47   -0.591579 0.000141309
1.48   -0.588718 0.000161671
1.49   -0.585779 0.000154357
1.5   -0.582641 0.000122246
1.51    -0.57974 0.000139915
1.52   -0.577066 0.000136081
1.53   -0.574042 0.000148726
1.54   -0.571065 0.000115485
1.55   -0.568342 0.000115618
1.56   -0.565706 0.000185475
1.57   -0.562749 0.000154246
1.58   -0.560146 0.000145654
1.59   -0.557463 0.000154873
1.6   -0.554563 0.000136777
1.61   -0.551826 0.000144722
1.62   -0.549157 0.000133646
1.63   -0.546847 0.000146264
1.64    -0.54415 0.000138471
1.65   -0.541511 0.000146391
1.66   -0.538592 0.000156861
1.67    -0.53625 0.000132413
1.68    -0.53358 9.91683e-05
1.69   -0.531309 0.000117916
1.7   -0.528668 0.000132793
1.71   -0.526006 0.000178965
1.72   -0.523925 0.000102053
1.73   -0.521241 0.000174684
1.74   -0.518653 0.000174759
1.75   -0.516556 0.000116732
1.76   -0.513806 0.000140867
1.77   -0.511843 0.000142861
1.78   -0.509287 0.000120542
1.79   -0.506911 9.25204e-05
1.8   -0.504797  0.00014027
1.81   -0.502195 0.000144323
1.82   -0.500131 0.000119155
1.83   -0.497932 0.000104984
1.84   -0.495653 0.000126875
1.85   -0.493532 0.000100152
1.86   -0.491368 0.000129085
1.87   -0.488981 0.000100388
1.88   -0.486717 0.000156633
1.89    -0.48474 0.000135727
1.9   -0.482507 0.000112969
1.91   -0.480643 0.000123322
1.92   -0.478483 0.000123301
1.93   -0.476053 0.000140041
1.94   -0.474322 0.000103955
1.95   -0.472197  0.00014981
1.96   -0.470057  0.00010904
1.97   -0.468012 9.21804e-05
1.98   -0.465863 0.000127269
1.99   -0.464037 0.000120801
2   -0.462189 0.000142807
