0.5     78.9911    0.590187
0.51     75.3197    0.444578
0.52     71.1677     0.35199
0.53      66.605    0.303372
0.54     63.6021     0.37203
0.55     60.3954    0.424561
0.56     56.8221    0.404818
0.57     52.8142    0.407281
0.58     49.7935    0.442268
0.59     47.0125     0.38984
0.6     44.1428    0.367162
0.61     41.5756    0.309365
0.62     38.8824    0.301876
0.63     36.8084    0.288135
0.64     35.1565    0.296639
0.65     33.0291    0.226354
0.66     30.8212    0.266241
0.67     29.1966    0.196026
0.68     27.5583    0.177729
0.69     26.0535    0.207824
0.7      25.078    0.210507
0.71     23.5852    0.181634
0.72     22.3476    0.179197
0.73     21.2051     0.13764
0.74     20.0406    0.141278
0.75      19.179    0.122933
0.76     18.4069    0.108082
0.77     17.3504    0.144321
0.78     16.9194    0.063195
0.79     15.9932   0.0861966
0.8     15.4039   0.0919083
0.81     14.5316   0.0938855
0.82     13.9226   0.0606569
0.83     13.4319   0.0857112
0.84     12.8522    0.079271
0.85     12.3243   0.0524511
0.86     11.9862   0.0660405
0.87      11.519   0.0619498
0.88     11.0419   0.0552256
0.89     10.6122   0.0498342
0.9     10.1923   0.0577924
0.91     9.86841   0.0516967
0.92     9.50532   0.0475688
0.93     9.21318   0.0413467
0.94     8.87621   0.0463685
0.95     8.71653   0.0381362
0.96     8.34991   0.0437014
0.97     8.12585   0.0359905
0.98     7.88571   0.0383594
0.99     7.65405   0.0262812
1     7.38327   0.0350739
1.01     7.17846   0.0317649
1.02     6.95427   0.0254343
1.03     6.78039   0.0315831
1.04       6.546   0.0234151
1.05     6.34515   0.0255252
1.06     6.22113   0.0237735
1.07      6.0476   0.0169427
1.08     5.90894   0.0175891
1.09     5.72263   0.0205546
1.1     5.61359   0.0267406
1.11     5.44661    0.025297
1.12     5.32548   0.0185434
1.13     5.21075   0.0232832
1.14     5.05984   0.0189316
1.15     4.94246   0.0165984
1.16     4.81303   0.0131683
1.17     4.71971    0.019033
1.18     4.60999   0.0125586
1.19     4.51069   0.0206664
1.2      4.3974   0.0153783
1.21     4.31013   0.0169002
1.22     4.23895   0.0130669
1.23     4.10344   0.0140402
1.24     4.07306   0.0131284
1.25     3.96389   0.0162228
1.26     3.88434   0.0121723
1.27     3.80057  0.00956879
1.28     3.70973  0.00899588
1.29     3.65713  0.00826547
1.3     3.58876    0.011688
1.31     3.52168   0.0116382
1.32     3.46927   0.0097007
1.33     3.35946  0.00777717
1.34     3.30923  0.00859612
1.35     3.24955  0.00956283
1.36     3.20271   0.0101174
1.37      3.1358  0.00705358
1.38     3.10233  0.00894855
1.39     3.03457  0.00789805
1.4     2.97951  0.00742842
1.41     2.92077   0.0061907
1.42     2.87482  0.00751667
1.43     2.84166  0.00700446
1.44     2.78211  0.00635621
1.45     2.73777  0.00768683
1.46     2.69259  0.00605185
1.47     2.64521   0.0056519
1.48     2.61105  0.00752609
1.49     2.56918  0.00635976
1.5     2.53782  0.00514373
1.51     2.48558  0.00569272
1.52     2.45267   0.0067818
1.53     2.41822  0.00564839
1.54     2.36318  0.00581675
1.55     2.34689  0.00496424
1.56     2.31458   0.0055284
1.57     2.26451  0.00555148
1.58     2.25209  0.00560387
1.59     2.21193  0.00611794
1.6     2.18018   0.0048554
1.61      2.1568  0.00563728
1.62     2.12022   0.0053511
1.63     2.09124  0.00451554
1.64      2.0613  0.00406788
1.65     2.03875  0.00480725
1.66     2.00735  0.00399364
1.67     1.97923   0.0047708
1.68     1.95595  0.00340966
1.69      1.9343  0.00392332
1.7     1.91554  0.00421042
1.71     1.88182  0.00393825
1.72     1.86801  0.00318382
1.73     1.83747  0.00467747
1.74     1.81111  0.00396108
1.75     1.78825  0.00313754
1.76     1.76512  0.00463441
1.77     1.75051   0.0037253
1.78     1.73084  0.00343589
1.79     1.70714  0.00344348
1.8     1.68438  0.00387591
1.81     1.66617  0.00310365
1.82     1.64969  0.00215484
1.83     1.63042  0.00350453
1.84     1.60711  0.00358068
1.85     1.60022  0.00289548
1.86     1.57646  0.00289438
1.87     1.55601  0.00354342
1.88     1.53964  0.00335724
1.89     1.52162  0.00290126
1.9     1.50836  0.00256855
1.91     1.49159  0.00196928
1.92     1.47743  0.00253746
1.93     1.46306  0.00270074
1.94      1.4414  0.00251849
1.95      1.4341  0.00262788
1.96      1.4157   0.0026519
1.97     1.40426  0.00278293
1.98     1.38766  0.00232299
1.99     1.37161  0.00243611
2      1.3579  0.00253821
