0.5    0.326384  0.00241173
0.51    0.347773  0.00176665
0.52    0.359077  0.00182137
0.53    0.380021  0.00199535
0.54    0.389295  0.00189971
0.55    0.402312  0.00168622
0.56    0.406267  0.00110245
0.57     0.41287  0.00137123
0.58    0.418108  0.00145584
0.59    0.421454  0.00191989
0.6    0.425183  0.00169608
0.61    0.425817   0.0014191
0.62    0.426397  0.00174081
0.63    0.427677  0.00179704
0.64    0.429444  0.00155537
0.65    0.427118  0.00120609
0.66    0.430997  0.00159682
0.67    0.433882  0.00136778
0.68    0.434829  0.00161851
0.69    0.431963   0.0014938
0.7    0.434034  0.00164592
0.71    0.433734  0.00120041
0.72    0.433932  0.00189729
0.73    0.437062  0.00119314
0.74    0.433359  0.00101213
0.75    0.439087  0.00148391
0.76    0.439809  0.00150436
0.77    0.440793  0.00143166
0.78     0.43668   0.0010465
0.79    0.440353  0.00120523
0.8     0.44058  0.00116781
0.81    0.440389 0.000982401
0.82    0.440003  0.00088883
0.83    0.440563  0.00142069
0.84     0.44102  0.00111436
0.85    0.439551 0.000719714
0.86    0.439423  0.00126217
0.87    0.437757 0.000667699
0.88    0.438736 0.000759206
0.89    0.438833 0.000841935
0.9    0.436524 0.000626079
0.91    0.434162 0.000739106
0.92     0.43271 0.000661669
0.93    0.432306 0.000708193
0.94    0.430688 0.000601858
0.95    0.428765 0.000774522
0.96    0.427222 0.000779304
0.97    0.425255 0.000832293
0.98    0.425028 0.000858064
0.99    0.421244 0.000730959
1    0.419964 0.000704479
1.01     0.41663 0.000836158
1.02    0.415232 0.000732742
1.03    0.413259  0.00057663
1.04    0.410832 0.000491014
1.05    0.409114 0.000774256
1.06    0.405716 0.000745789
1.07    0.405563 0.000512466
1.08    0.401548  0.00071803
1.09     0.39903 0.000620045
1.1    0.397015 0.000678474
1.11     0.39471 0.000695348
1.12    0.392765 0.000479343
1.13    0.390268 0.000727483
1.14    0.387301 0.000715624
1.15    0.384567 0.000516944
1.16    0.381852  0.00056044
1.17     0.37968 0.000529785
1.18    0.376579 0.000443282
1.19    0.373342   0.0004622
1.2    0.371355 0.000673717
1.21     0.36815 0.000484335
1.22    0.365605 0.000412455
1.23    0.363284 0.000461457
1.24    0.360457 0.000412107
1.25    0.357252 0.000389356
1.26    0.355723  0.00053616
1.27    0.351858 0.000420198
1.28     0.35057 0.000540484
1.29    0.346831 0.000421485
1.3    0.344242 0.000457967
1.31    0.341603 0.000459219
1.32    0.338646 0.000385157
1.33    0.336466 0.000329008
1.34    0.334591  0.00042795
1.35    0.331476 0.000490955
1.36    0.328908 0.000535552
1.37    0.325323 0.000489054
1.38    0.323673 0.000468191
1.39    0.320304 0.000392046
1.4    0.318344 0.000399276
1.41    0.314833 0.000348945
1.42    0.312434 0.000322769
1.43    0.310694 0.000352332
1.44    0.307968  0.00035229
1.45    0.306047 0.000279148
1.46    0.303186 0.000386594
1.47    0.300635 0.000345284
1.48    0.298314 0.000372289
1.49    0.295753 0.000342847
1.5    0.293477 0.000333438
1.51    0.290299 0.000308626
1.52    0.288516 0.000320719
1.53     0.28662 0.000301506
1.54    0.284167 0.000301915
1.55    0.281808  0.00041574
1.56    0.279601 0.000289082
1.57    0.276613 0.000411968
1.58    0.275192 0.000300065
1.59    0.272524  0.00032087
1.6    0.270125  0.00030108
1.61    0.268809 0.000316571
1.62    0.265748 0.000280557
1.63    0.263451 0.000246887
1.64    0.262014 0.000256593
1.65    0.260018 0.000253005
1.66    0.257393 0.000306346
1.67     0.25542 0.000228171
1.68    0.253472 0.000224322
1.69    0.251172 0.000229709
1.7    0.249241 0.000215462
1.71    0.247211 0.000289717
1.72    0.245256 0.000275851
1.73    0.243195 0.000420348
1.74    0.241054 0.000222504
1.75    0.239462 0.000350143
1.76    0.237598 0.000234231
1.77    0.236087 0.000253705
1.78    0.233426 0.000227109
1.79    0.232315 0.000247538
1.8    0.229791 0.000250237
1.81    0.227849 0.000238501
1.82     0.22633 0.000260703
1.83     0.22484 0.000291039
1.84    0.222511 0.000266568
1.85    0.221102 0.000259484
1.86    0.218847 0.000264134
1.87    0.217349  0.00025789
1.88    0.215857 0.000251385
1.89    0.214427 0.000185178
1.9    0.212755 0.000168019
1.91    0.210986 0.000215295
1.92    0.209258 0.000277211
1.93    0.207634 0.000224596
1.94    0.206095 0.000211671
1.95    0.204552 0.000219406
1.96    0.202345 0.000181257
1.97    0.201408 0.000214505
1.98    0.199722 0.000223829
1.99    0.198402 0.000207149
2    0.196735 0.000183308
