0.5    0.330767  0.00453378
0.51    0.343124  0.00325621
0.52    0.362154  0.00293055
0.53    0.377019  0.00248084
0.54    0.390685  0.00256958
0.55     0.39195  0.00235139
0.56    0.405298  0.00221344
0.57    0.414216  0.00247483
0.58    0.415618   0.0021824
0.59     0.41871  0.00162316
0.6    0.424213  0.00169002
0.61    0.428725   0.0019025
0.62    0.427851  0.00280045
0.63    0.429152  0.00242847
0.64    0.426534  0.00234456
0.65    0.429708  0.00219157
0.66    0.427131  0.00240844
0.67    0.428583  0.00232974
0.68    0.432753  0.00188531
0.69    0.433334  0.00185989
0.7    0.436774  0.00244855
0.71    0.432724  0.00166192
0.72    0.435508  0.00180295
0.73    0.437881  0.00167537
0.74    0.437946  0.00158948
0.75    0.436469  0.00185816
0.76    0.439706  0.00186984
0.77    0.439189  0.00145017
0.78    0.441723  0.00140512
0.79    0.439313  0.00142008
0.8    0.442405  0.00116312
0.81    0.439942  0.00108957
0.82    0.437071  0.00119226
0.83    0.439097  0.00139919
0.84    0.437853 0.000944275
0.85    0.438403  0.00108646
0.86    0.438294  0.00124906
0.87    0.439306  0.00108976
0.88    0.437629 0.000786777
0.89    0.435375   0.0010514
0.9    0.434844  0.00102961
0.91     0.43405 0.000841895
0.92    0.434259 0.000944866
0.93    0.431797 0.000934883
0.94    0.429395  0.00100075
0.95    0.430398 0.000781165
0.96     0.42701 0.000961965
0.97    0.426551  0.00092967
0.98    0.424995 0.000952925
0.99    0.422294 0.000787225
1    0.419602 0.000845823
1.01     0.41759 0.000640587
1.02    0.415267 0.000628381
1.03    0.412407 0.000769181
1.04    0.410783 0.000670224
1.05    0.409258 0.000722716
1.06    0.405919 0.000582953
1.07    0.404198 0.000788173
1.08    0.402439 0.000719472
1.09    0.398986  0.00080558
1.1    0.398723 0.000558959
1.11    0.395063 0.000589816
1.12    0.392104 0.000765971
1.13    0.390264 0.000672943
1.14     0.38555 0.000410541
1.15    0.384702  0.00062645
1.16    0.381158 0.000502988
1.17    0.379266   0.0006081
1.18    0.375531 0.000654302
1.19    0.373316 0.000492571
1.2    0.371413  0.00048336
1.21    0.367577 0.000477182
1.22    0.365811 0.000425729
1.23    0.363755 0.000463896
1.24    0.359629 0.000479899
1.25    0.357126 0.000384527
1.26     0.35525 0.000583422
1.27    0.352305 0.000338987
1.28     0.34936 0.000504463
1.29    0.347317 0.000522464
1.3    0.345179 0.000367746
1.31    0.341693 0.000403837
1.32    0.339268 0.000554588
1.33    0.336011 0.000464074
1.34    0.334294  0.00043162
1.35     0.33048 0.000536737
1.36     0.32864 0.000386573
1.37    0.325792 0.000398257
1.38    0.322975 0.000455958
1.39    0.320607 0.000432964
1.4    0.318483 0.000412439
1.41    0.314607 0.000297365
1.42     0.31312 0.000438639
1.43    0.311202 0.000413491
1.44     0.30716 0.000401533
1.45    0.305316 0.000489278
1.46    0.303791 0.000420805
1.47    0.300903 0.000311225
1.48    0.297788 0.000388464
1.49    0.295487 0.000363337
1.5    0.293849 0.000357851
1.51    0.291523 0.000354298
1.52    0.288933 0.000387785
1.53    0.286028 0.000365728
1.54    0.283236 0.000316533
1.55    0.281151 0.000345136
1.56    0.279657 0.000391749
1.57    0.277659 0.000290235
1.58    0.275215 0.000274637
1.59    0.273023 0.000285271
1.6    0.270301 0.000326382
1.61    0.268575 0.000443258
1.62    0.266028 0.000321616
1.63    0.263782 0.000309346
1.64    0.261473 0.000463154
1.65    0.259583 0.000320669
1.66    0.257528 0.000328235
1.67    0.255845 0.000284676
1.68    0.253229 0.000287874
1.69    0.251563 0.000334225
1.7    0.249408  0.00031827
1.71    0.247427 0.000292643
1.72    0.244986 0.000304051
1.73    0.243046 0.000344405
1.74    0.241486 0.000309378
1.75    0.238933 0.000283043
1.76    0.238068 0.000211672
1.77    0.235542 0.000185695
1.78    0.233553 0.000248123
1.79    0.231664 0.000269402
1.8    0.230127 0.000194584
1.81    0.228263 0.000222572
1.82    0.226461 0.000228208
1.83    0.224128 0.000251341
1.84     0.22277 0.000202338
1.85    0.221094 0.000248514
1.86    0.218881 0.000230317
1.87    0.216744   0.0003716
1.88    0.215764 0.000201492
1.89    0.214361 0.000176478
1.9    0.212369 0.000313632
1.91    0.210694 0.000278382
1.92    0.209196 0.000279295
1.93    0.207465 0.000220217
1.94    0.206181 0.000243156
1.95    0.204356 0.000207679
1.96    0.202627 0.000263789
1.97    0.201269  0.00019807
1.98     0.19934 0.000234421
1.99    0.198037 0.000204238
2    0.196628 0.000203343
