-0.487957   0.482377   0.494245
-0.331086   -0.352722   0.498744
0.492179   -0.319264   -0.334346
-0.320122   -0.483169   -0.331135
-0.171255   0.498694   0.47694
0.00780954   -0.329997   -0.494703
-0.17478   -0.335016   -0.336453
-0.00160898   -0.491831   -0.350974
0.160562   -0.493389   -0.498724
0.326147   -0.324636   0.499782
0.158684   -0.33242   -0.318261
0.339167   -0.478933   -0.354639
0.499684   -0.141772   -0.488029
-0.315746   0.000627406   0.47887
-0.48909   0.00752754   -0.315564
-0.34467   -0.167312   -0.342023
-0.183409   -0.179909   -0.492763
0.0123816   -0.0106726   -0.497471
-0.156764   -0.00517578   -0.353617
-0.00945516   -0.181127   -0.325838
0.15223   -0.173715   -0.493823
0.335599   -0.00172217   -0.485299
0.161544   -0.00933751   -0.326542
0.312903   -0.172706   -0.332522
0.491054   0.153686   -0.49247
-0.327239   0.3602   -0.492676
-0.49679   0.342528   -0.343807
-0.347317   0.173038   -0.329877
-0.14395   0.165469   -0.499658
0.00887549   0.332307   -0.494524
-0.165717   0.345144   -0.339233
0.00394122   0.157987   -0.33037
0.167846   0.162329   -0.491413
0.332211   0.330369   0.493792
0.153377   0.32639   -0.332724
0.324   0.15355   -0.333059
-0.493108   0.486385   -0.167884
-0.344709   -0.342962   -0.150436
-0.495752   -0.341236   0.0170969
-0.337292   0.498709   0.0124179
-0.171203   -0.491732   -0.172852
-0.00968897   -0.337796   -0.153531
-0.170758   -0.355996   0.00752329
-0.00316592   -0.492499   0.00181565
0.169883   0.49678   -0.177421
0.340086   -0.347703   -0.161602
0.177528   -0.311278   -0.0141151
0.326111   0.49658   0.0083472
-0.483021   -0.175397   -0.161536
-0.328093   -0.00539883   -0.160618
-0.496924   0.0075805   -0.0100019
-0.32699   -0.175119   -0.00390668
-0.163033   -0.15132   -0.171783
0.00133151   0.00453095   -0.160506
-0.169672   0.0195878   0.00884085
-0.0086154   -0.156198   -0.00846778
0.134221   -0.173294   -0.158786
0.346283   -0.00737179   -0.16812
0.175926   -0.0149455   -0.00975402
0.35083   -0.166428   0.0030994
-0.489354   0.176338   -0.159404
-0.324114   0.343045   -0.169833
0.481815   0.338849   -0.00832861
-0.333176   0.175533   -0.0145739
-0.171339   0.172352   -0.169939
-0.00931664   0.332674   -0.182905
-0.15997   0.340513   0.0104248
-0.00522473   0.177759   0.00664128
0.1675   0.157597   -0.151808
0.326216   0.332564   -0.178683
0.159678   0.32235   -0.00697668
0.332986   0.173985   -0.023215
0.498134   0.485599   0.166307
-0.332372   -0.318877   0.182656
0.494953   -0.331407   0.351533
-0.343821   0.491067   0.321524
-0.158739   0.495551   0.187104
-0.0102497   -0.321519   0.167598
-0.1616   -0.324399   0.317938
0.00440341   0.497361   0.334964
0.145543   -0.487005   0.159191
0.341314   -0.322842   0.179499
0.173851   -0.331228   0.338151
0.342865   0.495521   0.337458
-0.491122   -0.15975   0.140339
-0.31058   -0.00104297   0.185398
0.492255   -0.00172137   0.317634
-0.343701   -0.170814   0.337504
-0.173575   -0.182113   0.152903
0.0121135   -0.00114742   0.152274
-0.148626   -0.0118233   0.322212
0.0141142   -0.173106   0.323627
0.168287   -0.160719   0.154302
0.318191   0.0282423   0.158551
0.161617   0.00676309   0.334201
0.330294   -0.159611   0.340599
-0.490075   0.148721   0.151491
-0.346182   0.333962   0.159372
0.49172   0.307984   0.334052
-0.318273   0.175709   0.348324
-0.154964   0.155105   0.189525
0.0101984   0.346393   0.172269
-0.166004   0.336246   0.324997
0.00241012   0.179773   0.335156
0.162687   0.17296   0.165194
0.341626   0.318369   0.167811
0.177942   0.3448   0.344976
0.322257   0.156679   0.352531
