-0.487964   0.482354   0.494188
-0.331178   -0.352689   0.498681
0.492291   -0.319289   -0.334358
-0.320122   -0.483113   -0.331084
-0.171182   0.498767   0.47701
0.00765015   -0.330036   -0.494504
-0.17507   -0.334967   -0.336407
-0.0016604   -0.491985   -0.351074
0.160725   -0.493421   -0.498774
0.326107   -0.324686   0.499734
0.158673   -0.332518   -0.318105
0.338943   -0.478918   -0.354612
0.499686   -0.141852   -0.488024
-0.315597   0.000705734   0.478749
-0.489096   0.00752809   -0.315727
-0.344615   -0.167437   -0.342022
-0.183361   -0.179731   -0.492811
0.012383   -0.0107489   -0.497323
-0.156896   -0.00513804   -0.353579
-0.00939708   -0.181172   -0.32605
0.152352   -0.17356   -0.493949
0.335626   -0.00166249   -0.485359
0.161651   -0.00944089   -0.326434
0.312872   -0.172758   -0.332463
0.491059   0.153579   -0.492395
-0.32727   0.360333   -0.492818
-0.496794   0.342509   -0.343719
-0.347639   0.173066   -0.330086
-0.14399   0.165452   -0.49968
0.00884833   0.332262   -0.494403
-0.165712   0.345031   -0.33922
0.00391922   0.158028   -0.330489
0.16788   0.162224   -0.491279
0.332059   0.330373   0.494063
0.153295   0.326455   -0.332856
0.323998   0.15353   -0.333095
-0.492992   0.486462   -0.167713
-0.34454   -0.342858   -0.150555
-0.495835   -0.341224   0.0169618
-0.337244   0.498912   0.0123491
-0.171216   -0.49178   -0.172856
-0.00976079   -0.337793   -0.153392
-0.170775   -0.356169   0.00756094
-0.00308397   -0.492399   0.00165818
0.169953   0.496762   -0.177353
0.34015   -0.347817   -0.16166
0.177421   -0.311319   -0.0141021
0.326188   0.496597   0.00842291
-0.482993   -0.175319   -0.161407
-0.328034   -0.00524721   -0.160475
-0.497196   0.00765108   -0.0102212
-0.326828   -0.175199   -0.00372091
-0.163072   -0.151271   -0.171816
0.00145568   0.00441711   -0.160399
-0.169613   0.0196251   0.00887707
-0.00860538   -0.156247   -0.0083781
0.134324   -0.17344   -0.158811
0.346253   -0.00752826   -0.168066
0.176035   -0.0150097   -0.00996043
0.350884   -0.166386   0.00307172
-0.489431   0.176387   -0.159408
-0.324064   0.343141   -0.169827
0.481682   0.338864   -0.00830655
-0.333115   0.175678   -0.0145886
-0.171403   0.172295   -0.169901
-0.00945807   0.332843   -0.183041
-0.159905   0.340719   0.0103053
-0.00508687   0.17764   0.00659661
0.167372   0.157678   -0.151872
0.326289   0.33264   -0.178681
0.159487   0.322269   -0.00697829
0.332821   0.174054   -0.0231358
0.498003   0.48559   0.166432
-0.332474   -0.31908   0.182563
0.494988   -0.331353   0.35154
-0.343712   0.491153   0.321746
-0.158667   0.495611   0.186926
-0.0103598   -0.32158   0.167596
-0.161456   -0.324338   0.317996
0.00436624   0.497364   0.335156
0.145489   -0.486962   0.159048
0.341461   -0.322799   0.179439
0.173974   -0.331428   0.338265
0.342875   0.495413   0.337267
-0.490946   -0.159701   0.140121
-0.31064   -0.000994731   0.185467
0.492366   -0.0018322   0.317678
-0.343637   -0.170739   0.3374
-0.17348   -0.182183   0.152972
0.0122741   -0.00115367   0.152188
-0.14868   -0.0117528   0.322217
0.0140715   -0.17309   0.323816
0.168293   -0.160735   0.154206
0.31826   0.028241   0.158591
0.161612   0.00681054   0.334061
0.330373   -0.1596   0.340578
-0.490062   0.148681   0.151424
-0.346175   0.333783   0.159301
0.491738   0.307889   0.334124
-0.318269   0.175688   0.348437
-0.155061   0.155265   0.189449
0.0101883   0.346561   0.172162
-0.166068   0.336128   0.325012
0.00224587   0.179734   0.335244
0.162655   0.173085   0.16537
0.341691   0.318425   0.167929
0.177983   0.344772   0.345055
0.32225   0.156527   0.352546
