0                       0                       0
0.064633                       0                       0
0.129266                       0                       0
0.193899                       0                       0
0.258532                       0                       0
0.323165                       0                       0
0.387798                       0                       0
0.452431                       0                       0
0.517064                       0                       0
0.581697                       0                       0
0.64633                       0                       0
0.710963                       0                       0
0.775596                       0                       0
0.84023                       0                       0
0.904863                0.139399               0.0202325
0.969496                 1.04076               0.0578762
1.03413                 1.97109               0.0703889
1.09876                 2.12576               0.0685356
1.16339                 1.81351               0.0563277
1.22803                 1.72907               0.0569183
1.29266                 1.50028               0.0506165
1.35729                 1.33728               0.0474927
1.42193                  1.3108               0.0505904
1.48656                 1.22065               0.0446654
1.55119                 1.12314               0.0413074
1.61583                 1.11459                0.035062
1.68046                 1.05221                0.032887
1.74509                 1.04141               0.0337719
1.80973                 1.07434               0.0357817
1.87436                0.980017               0.0288495
1.93899                 1.05668               0.0273343
2.00362                  1.1111               0.0275904
2.06826                 1.04002               0.0286796
2.13289                 1.05865               0.0236295
2.19752                 1.04383               0.0219204
2.26216                 1.06287               0.0242779
2.32679                 1.09137               0.0227887
2.39142                 1.05287               0.0255929
2.45606                  1.0361               0.0246254
2.52069                 1.00641                0.022464
2.58532                 1.04261               0.0208263
2.64995                0.976645               0.0207051
2.71459                0.987321               0.0212048
2.77922                0.984728               0.0186483
2.84385                0.988375               0.0188439
2.90849                0.985285               0.0158058
2.97312                   1.049               0.0179418
3.03775                 1.00781               0.0157833
3.10239                 1.02459               0.0160353
3.16702                  1.0099               0.0155988
3.23165                 1.01593               0.0187923
3.29629                0.984018               0.0163852
3.36092                0.979725               0.0154266
3.42555                0.953385               0.0134002
3.49018                0.985907               0.0138474
3.55482                 1.01242               0.0179421
3.61945                0.996762               0.0163084
3.68408                0.992227               0.0138912
3.74872                0.986109               0.0133359
3.81335                0.974461               0.0133172
3.87798                0.961291               0.0135687
3.94262                0.953523               0.0151734
4.00725                0.967985               0.0141226
4.07188                0.971769               0.0137634
4.13651                 0.96605               0.0160476
4.20115                0.940841               0.0121166
4.26578                0.917732               0.0115417
4.33041                 0.94314                0.010851
4.39505                0.945444               0.0117876
4.45968                0.933073                 0.01246
4.52431                0.960812               0.0114481
4.58895                0.945315              0.00971898
4.65358                0.968495               0.0112527
4.71821                0.964727               0.0102128
4.78285                0.935722               0.0107418
4.84748                0.969956               0.0102687
4.91211                0.955256              0.00991243
4.97674                0.944965               0.0116688
5.04138                0.984335               0.0121209
5.10601                 1.01893                 0.01048
5.17064                0.982839                0.011851
5.23528                0.995286              0.00936068
5.29991                0.992264              0.00925793
5.36454                0.994344               0.0100634
5.42918                 1.02069                0.010715
5.49381                 1.00679              0.00977801
5.55844                 1.02324              0.00997797
5.62307                0.996129               0.0091008
5.68771                0.991804              0.00995742
5.75234                0.999982               0.0107643
5.81697                0.999388               0.0105704
5.88161                 1.00491              0.00880762
5.94624                  1.0043               0.0094999
6.01087                 1.00407              0.00922393
6.07551                0.996186              0.00987131
6.14014                0.989672              0.00837492
6.20477                0.991146              0.00861573
6.2694                 0.98424              0.00871478
6.33404                0.987695              0.00856979
6.39867                0.994193                0.007528
