0                       0                       0
0.064633                       0                       0
0.129266                       0                       0
0.193899                       0                       0
0.258532                       0                       0
0.323165                       0                       0
0.387798                       0                       0
0.452431                       0                       0
0.517064                       0                       0
0.581697                       0                       0
0.64633                       0                       0
0.710963                       0                       0
0.775596                       0                       0
0.84023                       0                       0
0.904863               0.0897843               0.0430618
0.969496                 1.12551                0.195265
1.03413                 1.46905                0.261543
1.09876                 1.56648                0.105522
1.16339                 1.67407                0.190246
1.22803                 1.25539                0.120225
1.29266                0.874663               0.0639451
1.35729                 1.01172               0.0960805
1.42193                0.987828                0.111827
1.48656                 1.16604                0.111286
1.55119                  1.0759               0.0911569
1.61583                0.960785               0.0906274
1.68046                0.971092                0.114408
1.74509                 1.09703               0.0585837
1.80973                 1.04358                0.061296
1.87436                0.829798               0.0612975
1.93899                0.970939                0.122292
2.00362                  1.1327               0.0765323
2.06826                 1.11781               0.0849517
2.13289                 1.22958                0.071582
2.19752                 1.21592               0.0516822
2.26216                 1.20624               0.0870682
2.32679                 1.14392               0.0571839
2.39142                 1.21149               0.0527713
2.45606                  1.0996               0.0769312
2.52069                 1.06177               0.0750782
2.58532                 1.00852               0.0712203
2.64995                0.958671               0.0594401
2.71459                0.799632               0.0878025
2.77922                0.938828               0.0430419
2.84385                 1.02328               0.0576581
2.90849                 1.00242                0.101746
2.97312                0.848357               0.0440599
3.03775                0.852346                0.032033
3.10239                0.760623               0.0453551
3.16702                0.869373               0.0358444
3.23165                0.847483               0.0286627
3.29629                0.904571               0.0731118
3.36092                0.847826               0.0511258
3.42555                0.862803               0.0453761
3.49018                0.820848               0.0386383
3.55482                0.961884               0.0266611
3.61945                 0.89408               0.0350925
3.68408                0.936976                 0.04914
3.74872                 1.04674               0.0435227
3.81335                 1.07599               0.0297887
3.87798                0.969555               0.0517611
3.94262                0.920417                0.034661
4.00725                0.950134               0.0535901
4.07188                0.995161                0.034501
4.13651                0.954022               0.0356168
4.20115                0.969818               0.0443061
4.26578                0.924086               0.0321382
4.33041                0.968159               0.0337209
4.39505                0.918487               0.0495058
4.45968                0.878144               0.0348949
4.52431                0.958323                 0.03218
4.58895                0.922929               0.0388908
4.65358                0.891498               0.0298499
4.71821                0.995188               0.0211574
4.78285                0.978583               0.0393487
4.84748                0.967271               0.0330726
4.91211                0.999747               0.0168867
4.97674                 1.10706               0.0223625
5.04138                 1.12162               0.0321206
5.10601                 1.12733               0.0224114
5.17064                 1.04451               0.0230904
5.23528                0.947023               0.0336651
5.29991                0.925295               0.0360981
5.36454                0.889425               0.0291962
5.42918                0.942124                 0.02071
5.49381                0.907164               0.0316576
5.55844                  0.9332               0.0231184
5.62307                0.978603               0.0255956
5.68771                0.985922               0.0172387
5.75234                0.945957               0.0224302
5.81697                0.981971               0.0300192
5.88161                 1.01897               0.0198824
5.94624                0.984262               0.0246333
6.01087                0.945828               0.0182394
6.07551                0.939436               0.0155245
6.14014                 0.98865               0.0296856
6.20477                 0.95441               0.0186838
6.2694                0.994323               0.0197999
6.33404                0.988851               0.0308421
6.39867                 1.04003               0.0321675
