           1    0.422515    0.422515           0
           2    0.418932    0.420724  0.00126674
           3    0.421309    0.420919 0.000859377
           4    0.411788    0.418636  0.00207925
           5    0.411312    0.417171   0.0021174
           6     0.42657    0.418738  0.00227115
           7    0.410017    0.417492  0.00226275
           8    0.418943    0.417673  0.00198716
           9    0.422346    0.418192  0.00183295
          10    0.416166     0.41799  0.00166083
          11    0.408314     0.41711  0.00172712
          12     0.41475    0.416914  0.00159435
          13    0.411703    0.416513  0.00152126
          14    0.418846    0.416679   0.0014217
          15    0.416208    0.416648  0.00132727
          16    0.403424    0.415821  0.00147941
          17    0.424094    0.416308  0.00147025
          18    0.423522    0.416709  0.00144216
          19    0.414097    0.416571   0.0013728
          20    0.406368    0.416061  0.00139574
          21    0.426728    0.416569  0.00141869
          22    0.418854    0.416673    0.001358
          23    0.433998    0.417426  0.00149332
          24    0.419826    0.417526  0.00143444
          25    0.427515    0.417926  0.00143163
          26    0.426207    0.418244  0.00141156
          27    0.429808    0.418673  0.00142277
          28    0.413607    0.418492  0.00138341
          29    0.406423    0.418076   0.0013969
          30    0.421035    0.418174  0.00135382
          31    0.424872     0.41839  0.00132728
          32    0.423307    0.418544  0.00129466
          33    0.404192    0.418109  0.00132646
          34    0.407723    0.417804  0.00132215
          35    0.414087    0.417697  0.00128863
          36    0.417605    0.417695  0.00125284
          37    0.412776    0.417562  0.00122601
          38      0.4169    0.417544  0.00119387
          39    0.407905    0.417297  0.00118857
          40    0.433771    0.417709  0.00122813
          41     0.43142    0.418043  0.00124287
          42     0.41683    0.418015  0.00121362
          43    0.421052    0.418085  0.00118745
          44    0.415328    0.418023  0.00116211
          45    0.409927    0.417843  0.00115013
          46    0.407167    0.417611   0.0011483
          47    0.415917    0.417575  0.00112443
          48    0.430896    0.417852  0.00113474
          49    0.422453    0.417946  0.00111546
          50    0.413691    0.417861  0.00109639
          51    0.423389    0.417969  0.00108024
          52    0.405555    0.417731  0.00108552
          53    0.434604    0.418049  0.00111075
          54    0.419875    0.418083  0.00109069
          55    0.414099     0.41801  0.00107326
          56    0.422299    0.418087  0.00105683
          57    0.411526    0.417972  0.00104453
          58    0.419362    0.417996   0.0010268
          59    0.421438    0.418054  0.00101105
          60    0.422244    0.418124  0.00099661
          61    0.418395    0.418128 0.000980282
          62    0.419092    0.418144 0.000964595
          63    0.425112    0.418255 0.000955604
          64    0.418816    0.418263 0.000940713
          65    0.414278    0.418202 0.000928236
          66    0.410964    0.418092 0.000920627
          67    0.404574    0.417891 0.000928731
          68     0.41749    0.417885 0.000915092
          69    0.414697    0.417838 0.000902996
          70    0.427948    0.417983 0.000901571
          71    0.433724    0.418205 0.000915726
          72    0.416137    0.418176 0.000903458
          73    0.430736    0.418348 0.000907317
          74    0.431703    0.418528 0.000912828
          75     0.41841    0.418527 0.000900659
          76    0.420224    0.418549 0.000889085
          77    0.427093     0.41866 0.000884434
          78    0.428309    0.418784 0.000881705
          79    0.427545    0.418895  0.00087749
          80    0.433533    0.419078 0.000885394
          81    0.427074    0.419176  0.00087995
          82    0.419451     0.41918 0.000869225
          83    0.424463    0.419243 0.000861081
          84    0.419774     0.41925 0.000850853
          85    0.423171    0.419296 0.000842092
          86    0.420253    0.419307 0.000832374
          87    0.417724    0.419289 0.000823005
          88    0.432448    0.419438 0.000827127
          89    0.424503    0.419495 0.000819789
          90    0.421927    0.419522 0.000811125
          91    0.416019    0.419484 0.000803125
          92    0.424832    0.419542 0.000796496
          93    0.427375    0.419626 0.000792373
          94    0.419603    0.419626 0.000783943
          95    0.410749    0.419532  0.00078124
          96    0.416747    0.419503  0.00077364
          97    0.410527    0.419411  0.00077118
          98    0.425594    0.419474 0.000765888
          99    0.423485    0.419514 0.000759222
         100    0.423521    0.419555 0.000752687
