           1     7.55187     7.55187           0
           2     7.02778     7.28983    0.185292
           3     7.71295     7.43087    0.168882
           4     6.95045     7.31076    0.163896
           5      7.3452     7.31765    0.131261
           6     7.55366     7.35699    0.115127
           7     7.19589     7.33397    0.100955
           8     7.64652     7.37304   0.0955965
           9     7.42318     7.37861   0.0851368
          10     6.80133     7.32088   0.0941827
          11     7.40225     7.32828   0.0859106
          12     7.66388     7.35625   0.0831789
          13      6.7747     7.31151   0.0879912
          14        7.92     7.35498    0.091815
          15     7.03111     7.33339   0.0881962
          16     7.35884     7.33498   0.0826983
          17      7.3884     7.33812   0.0778934
          18     7.19322     7.33007   0.0739807
          19      7.4449     7.33611   0.0703335
          20     6.58631     7.29862   0.0761559
          21     7.10717     7.28951   0.0730731
          22     7.14862      7.2831   0.0700317
          23      7.3182     7.28463   0.0670034
          24     7.18621     7.28053    0.064337
          25     7.43758     7.28681   0.0620695
          26     7.67049     7.30157   0.0614113
          27     7.66439       7.315   0.0605893
          28      7.2434     7.31245   0.0584793
          29     6.90175     7.29828   0.0581523
          30      7.5232     7.30578   0.0566951
          31     7.94201     7.32631    0.058463
          32     7.83442     7.34218   0.0587528
          33     6.95238     7.33037   0.0581477
          34     7.42214     7.33307   0.0565001
          35     7.50798     7.33807   0.0551064
          36     7.28444     7.33658   0.0535958
          37     7.26612     7.33467    0.052181
          38     7.59578     7.34155   0.0512583
          39     6.92763     7.33093   0.0510309
          40     7.73815     7.34111   0.0507604
          41      7.7816     7.35186   0.0506466
          42     7.58967     7.35752   0.0497562
          43     7.52492     7.36141   0.0487511
          44     7.20127     7.35777   0.0477788
          45     7.12338     7.35256   0.0470001
          46     6.85805     7.34181   0.0471918
          47      7.3843     7.34272   0.0461964
          48     7.46562     7.34528   0.0453049
          49     7.44954     7.34741   0.0444302
          50     7.59531     7.35236   0.0438174
          51     7.36853     7.35268   0.0429594
          52     7.27681     7.35122    0.042158
          53     7.77949      7.3593   0.0421299
          54     7.35983     7.35931   0.0413497
          55     6.97974     7.35241   0.0411698
          56     6.71049     7.34095   0.0420001
          57     7.44408     7.34276   0.0413022
          58     7.45083     7.34462   0.0406321
          59     7.39674      7.3455    0.039953
          60     7.07509       7.341   0.0395405
          61     7.78436     7.34826   0.0395547
          62     7.19957     7.34587   0.0389894
          63      7.0019     7.34041   0.0387509
          64     7.49008     7.34275   0.0382159
          65     7.69314     7.34814   0.0380062
          66     7.23318     7.34639   0.0374703
          67     7.17058     7.34377   0.0370028
          68     6.99678     7.33867   0.0368088
          69     7.09669     7.33516    0.036442
          70     7.82927     7.34222   0.0365987
          71     7.09385     7.33872     0.03625
          72      7.4682     7.34052   0.0357911
          73      7.5032     7.34275   0.0353701
          74      7.3403     7.34271   0.0348922
          75     7.82929      7.3492   0.0350249
          76     7.06407     7.34545   0.0347644
          77     7.41299     7.34633    0.034324
          78     8.39733      7.3598   0.0364328
          79     7.47123     7.36121   0.0359989
          80     7.37508     7.36139   0.0355494
          81     7.56192     7.36386   0.0351966
          82      7.0211     7.35968   0.0350147
          83     7.28868     7.35883   0.0346033
          84     7.52486      7.3608   0.0342477
          85       7.256     7.35957    0.033867
          86     7.07606     7.35627   0.0336333
          87     7.49747      7.3579   0.0332858
          88     7.84616     7.36344   0.0333668
          89     6.85243      7.3577   0.0334823
          90     7.67088     7.36118   0.0332906
          91     7.59087     7.36371   0.0330203
          92     6.94277     7.35913   0.0329768
          93     7.98692     7.36588    0.033306
          94     7.98237     7.37244   0.0335912
          95     7.84112     7.37737   0.0335979
          96     6.85007     7.37188    0.033694
          97     7.50365     7.37324    0.033374
          98     7.40122     7.37352   0.0330346
          99     7.58492     7.37566   0.0327699
         100      7.7454     7.37936   0.0326501
