           1    0.016194    0.016194           0
           2    0.024252    0.020223  0.00284893
           3    0.027192    0.022546  0.00268419
           4    -0.02223    0.011352  0.00990111
           5   -0.029264   0.0032288   0.0107485
           6    0.009364  0.00425133  0.00900556
           7   -0.010696    0.002116  0.00796819
           8    0.035704   0.0063145  0.00800219
           9   -0.006962  0.00483933  0.00724776
          10   -0.005758   0.0037796      0.0066
          11    -0.01354  0.00220509  0.00618496
          12    0.006552  0.00256733  0.00568014
          13    0.017008  0.00367815  0.00535072
          14    0.001958  0.00355529  0.00496994
          15   -0.019282   0.0020328  0.00486622
          16    0.011782  0.00264212  0.00460008
          17    -0.02807 0.000835529  0.00467078
          18   -0.019746-0.000307889   0.0045491
          19    -0.01412 -0.00103484  0.00436737
          20    -0.00899  -0.0014326  0.00416708
          21    0.007462 -0.00100905  0.00399011
          22    -0.04232 -0.00288682  0.00422756
          23    0.012326 -0.00222539  0.00409517
          24    0.043102 -0.00033675  0.00433824
          25     -0.0006 -0.00034728  0.00416472
          26   -0.033016 -0.00160377   0.0041898
          27    0.009352   -0.001198  0.00405422
          28   -0.006616  -0.0013915  0.00391404
          29   -0.001496  -0.0013951  0.00377908
          30   -0.001028 -0.00138287  0.00365313
          31    -0.01236 -0.00173697   0.0035524
          32    0.019316 -0.00107906  0.00350178
          33   -0.000704  -0.0010677  0.00339569
          34   -0.025556 -0.00178794  0.00337133
          35   -0.018042 -0.00225234  0.00330684
          36   -0.006922 -0.00238206  0.00321753
          37   -0.007816 -0.00252892  0.00313392
          38   -0.013632 -0.00282111  0.00306504
          39     -0.0129 -0.00307954  0.00299732
          40    0.057372 -0.00156825  0.00328135
          41    0.001376 -0.00149644   0.0032021
          42    -0.01703 -0.00186629  0.00314715
          43    0.006798 -0.00166479   0.0030804
          44    0.051392-0.000458955  0.00323782
          45    0.011982-0.000182489  0.00317765
          46   -0.038744 -0.00102078  0.00321724
          47     0.00692 -0.00085183  0.00315322
          48       0.034 -0.00012575  0.00317002
          49     0.01872 0.000258857  0.00312857
          50   -0.019534   -0.000137  0.00309095
          51    0.029096 0.000436196  0.00308303
          52    0.004206 0.000508692  0.00302459
          53     0.00407 0.000575887  0.00296827
          54    0.007778 0.000709259   0.0029163
          55    -0.03975-2.63636e-05   0.0029546
          56   -0.030126-0.000563857  0.00295032
          57   -0.025478 -0.00100095  0.00293076
          58   -0.008606 -0.00113207  0.00288316
          59   -0.037634 -0.00175075  0.00289991
          60   -0.011736 -0.00191717  0.00285635
          61   -0.004316 -0.00195649   0.0028098
          62   -0.004336 -0.00199487  0.00276474
          63   -0.009158 -0.00210857  0.00272319
          64   -0.010338 -0.00223716  0.00268368
          65   -0.030212 -0.00266754  0.00267668
          66   -0.031448 -0.00310361  0.00267141
          67     0.00588 -0.00296952   0.0026349
          68     0.01965 -0.00263688  0.00261706
          69    0.005232 -0.00252284  0.00258162
          70   -0.021194 -0.00278957  0.00255848
          71    0.025892 -0.00238561  0.00255414
          72    0.009376 -0.00222225  0.00252388
          73   -0.021664 -0.00248858  0.00250332
          74    0.010898 -0.00230768  0.00247602
          75    0.014942 -0.00207768  0.00245366
          76    0.004796 -0.00198724  0.00242304
          77   -0.013838 -0.00214114  0.00239646
          78   -0.025788 -0.00244431  0.00238483
          79    0.004596 -0.00235519  0.00235631
          80    0.023952 -0.00202635  0.00234969
          81    -0.02984 -0.00236973  0.00234564
          82     0.00965 -0.00222315  0.00232161
          83    -0.03521 -0.00262058  0.00232741
          84   -0.006682 -0.00266893   0.0023002
          85   -0.014038 -0.00280268  0.00227703
          86    0.022354 -0.00251016  0.00226926
          87   -0.014328   -0.002646  0.00224724
          88   -0.004286 -0.00266464  0.00222178
          89    0.026066 -0.00234182  0.00222014
          90    0.028534 -0.00199876  0.00222182
          91    0.007766 -0.00189145      0.0022
          92    0.009328  -0.0017695  0.00217946
          93     0.00648  -0.0016808  0.00215783
          94   -0.004616 -0.00171202   0.0021351
          95      0.0076   -0.001614  0.00211487
          96   -0.003098 -0.00162946   0.0020929
          97    0.030338  -0.0012999  0.00209711
          98     0.01946 -0.00108806  0.00208638
          99      0.0125-0.000950808  0.00206982
         100   -0.029766 -0.00123896  0.00206908
