1
1
1.00001
1.00002
1.00003
1.00004
1.00006
1.00009
1.00011
1.00014
1.00018
1.00021
1.00025
1.0003
1.00034
1.0004
1.00045
1.00051
1.00057
1.00064
1.00071
1.00078
1.00086
1.00094
1.00103
1.00112
1.00122
1.00132
1.00142
1.00153
1.00164
1.00176
1.00188
1.00201
1.00214
1.00228
1.00242
1.00257
1.00272
1.00288
1.00304
1.00321
1.00339
1.00357
1.00375
1.00395
1.00415
1.00435
1.00457
1.00479
1.00502
1.00525
1.00549
1.00574
1.006
1.00627
1.00655
1.00683
1.00713
1.00743
1.00775
1.00807
1.00841
1.00876
1.00912
1.00949
1.00987
1.01027
1.01068
1.01111
1.01155
1.01201
1.01248
1.01298
1.01349
1.01401
1.01456
1.01513
1.01572
1.01634
1.01698
1.01764
1.01834
1.01905
1.0198
1.02058
1.0214
1.02225
1.02313
1.02405
1.02502
1.02603
1.02708
1.02818
1.02932
1.03053
1.03178
1.03309
1.03447
1.0359
1.0374
1.03896
1.04059
1.04228
1.04404
1.04586
1.04775
1.04968
1.05165
1.05365
1.05566
1.05764
1.05956
1.06138
1.06302
1.06441
1.06546
1.06608
1.06615
1.06559
1.06434
1.06241
1.05994
1.05719
1.05455
1.05251
1.05154
1.05195
1.05384
1.05707
1.06131
1.06609
1.07093
1.07537
1.07907
1.08182
1.0836
1.08463
1.0853
1.08615
1.08772
1.09038
1.0942
1.09895
1.10414
1.10923
1.11373
1.11729
1.11975
1.12108
1.12139
1.12089
1.11982
1.11844
1.11699
1.11562
1.11438
1.11326
1.11222
1.11119
1.11015
1.10907
1.10793
1.10673
1.10555
1.10453
1.10393
1.10405
1.10512
1.10726
1.1104
1.1144
1.119
1.12395
1.12895
1.13374
1.13806
1.14168
1.14445
1.1463
1.14722
1.1473
1.1467
1.14564
1.14436
1.14314
1.14223
1.14182
1.14205
1.14294
1.14443
1.14638
1.14863
1.15097
1.15324
1.15527
1.15699
1.15834
1.15936
1.1601
1.16064
1.16108
1.1615
1.16192
1.16236
1.16278
1.16314
1.16343
1.16365
1.1638
1.16394
1.16412
1.16436
1.16469
1.16509
1.16555
1.16604
1.16653
1.16702
1.16752
1.16804
1.16863
1.16933
1.17015
1.17113
1.17225
1.1735
1.17483
1.1762
1.17755
1.17882
1.17996
1.1809
1.18161
1.18204
1.18216
1.18195
1.18141
1.18057
1.17947
1.1782
1.17691
1.17574
1.17488
1.17446
1.17454
1.17512
1.17606
1.17719
1.1783
1.17916
1.17959
1.17946
1.17868
1.17726
1.17526
1.17288
1.17041
1.16823
1.16678
1.16645
1.16751
1.16999
1.17365
1.17808
1.18275
1.18712
1.1907
1.19308
1.19393
1.19302
1.19027
1.18589
1.18047
1.17509
1.17111
1.16974
1.17148
1.17591
1.18189
1.18809
1.19345
1.19729
1.1993
1.19939
1.19763
1.19419
1.18932
1.18342
1.17697
1.17058
1.16486
1.16034
1.15745
1.15639
1.15721
1.15975
1.16365
1.1684
1.17345
1.17832
1.18267
1.18634
1.18931
1.19165
1.19347
1.19489
1.196
1.19688
1.1976
1.19819
1.19872
1.1992
1.19966
1.20014
1.20062
1.20113
1.20164
1.20214
1.20262
1.20304
1.20337
1.20355
1.20354
1.20327
1.20267
1.20167
1.20016
1.19806
1.19529
1.19177
1.18749
1.18255
1.17724
1.17202
1.16755
1.16451
1.16335
1.16412
1.16641
1.16957
1.17292
1.17596
1.17837
1.18008
1.18113
1.18165
1.18182
1.18181
1.18175
1.18175
1.18189
1.18216
1.18253
1.1829
1.18317
1.18327
1.18313
1.18277
1.18231
1.1819
1.18174
1.18198
1.18267
1.18378
1.18517
1.18668
1.18815
1.18946
1.19055
1.19139
1.192
1.19237
1.19252
1.19245
1.19218
1.19171
1.19105
1.19023
1.18928
1.18826
1.18723
1.18625
1.18538
1.18468
1.18416
1.18384
1.18369
1.18363
1.18359
1.18346
1.1831
1.18238
1.18111
1.17915
1.17633
1.17251
1.16762
1.16168
1.1549
1.14769
1.14068
1.13469
1.13053
1.12877
1.1296
1.13274
1.13762
1.14359
1.15004
1.1565
1.1626
1.16806
1.17269
1.17639
1.1792
1.18121
1.18258
1.18346
1.18399
1.18423
1.18422
1.18392
1.1833
1.18227
1.18079
1.1788
1.1763
1.17334
1.17004
1.1666
1.16329
1.16041
1.15818
1.15671
1.15596
1.15578
1.156
1.15649
1.15723
1.15825
1.15957
1.16113
1.16281
1.1644
1.16572
1.16659
1.1669
1.1666
1.16573
1.16435
1.1626
1.16066
1.15873
1.15706
1.15584
1.15523
1.15528
1.15598
1.15719
1.15876
1.16052
1.16231
1.16403
1.16561
1.16701
1.16824
1.1693
1.17021
1.17099
1.17167
1.17227
1.17281
1.1733
1.17373
1.17413
1.17449
1.1748
1.17506
1.17527
1.17541
1.1755
1.17551
1.17545
1.17532
1.17512
1.17487
1.17458
1.17428
1.17399
1.17374
1.17355
1.17345
1.17343
1.17349
1.1736
1.17372
1.17378
1.17376
1.17358
1.17323
1.17269
1.17196
1.17108
1.17011
1.16911
1.16818
1.1674
1.16688
1.16669
1.16693
1.16766
1.1689
1.17066
1.17284
1.17533
1.17794
1.18047
1.18276
1.18466
1.1861
1.18705
1.18755
1.18765
1.18746
1.18704
1.18649
1.18585
1.18516
1.18446
1.18377
1.18313
1.18257
1.18216
1.18191
1.18185
1.18196
1.18221
1.18254
1.18288
1.18322
1.18354
1.18388
1.18431
1.18492
1.18581
1.18702
1.18858
1.19042
1.19245
1.19454
1.19657
1.19842
1.20002
1.20131
1.20228
1.20295
1.20334
1.2035
1.20348
1.20332
1.20306
1.20269
1.2022
1.20151
1.20054
1.1992
1.19742
1.19522
1.19271
1.19016
1.18794
1.18647
1.18608
1.18686
1.18866
1.19108
1.19365
1.19588
1.19739
1.19792
1.19733
1.19561
1.19287
1.18932
1.18529
1.1812
1.17752
1.17472
1.17321
1.17323
1.17487
1.17795
1.18213
1.18693
1.19185
1.19643
1.20032
1.20325
1.20509
1.20576
1.20527
1.20367
1.20108
1.1977
1.19378
1.18963
1.18557
1.18182
1.1785
1.17557
1.17296
1.17067
1.16887
1.16789
1.16815
1.16995
1.17328
1.17781
1.18295
1.18806
1.19259
1.19618
1.1986
1.19979
1.19976
1.19861
1.19654
1.19382
1.19081
1.18789
1.18547
1.18378
1.18293
1.18281
1.18318
1.18374
1.18422
1.18437
1.18405
1.18312
1.18156
1.17937
1.17666
1.17365
1.17063
1.16794
1.16587
1.1646
1.16411
1.16423
1.16472
1.16533
1.16589
1.16632
1.16661
1.16679
1.1669
1.16697
1.16701
1.16699
1.1669
1.1667
1.16637
1.16589
1.16528
1.16457
1.16381
1.16306
1.1624
1.16191
1.16166
1.16172
1.16212
1.16287
1.16395
1.16533
1.16692
1.16868
1.17051
1.17237
1.17418
1.17592
1.17754
1.17903
1.18036
1.18151
1.18244
1.18311
1.18344
1.18337
1.18276
1.18148
1.17938
1.17629
1.17212
1.16688
1.1608
1.15445
1.14873
1.14469
1.14307
1.14393
1.14644
1.14935
1.15145
1.15201
1.15091
1.14863
1.14606
1.14429
1.14425
1.14637
1.15043
1.15579
1.16168
1.16752
1.17295
1.17777
1.18186
1.18515
1.18755
1.18898
1.18938
1.18866
1.1868
1.18381
1.17985
1.1752
1.17038
1.16602
1.16274
1.16097
1.16074
1.16175
1.16351
1.16549
1.16727
1.1686
1.16938
1.16967
1.16966
1.16958
1.16967
1.17011
1.17097
1.17219
1.17366
1.17524
1.17678
1.17822
1.17954
1.18076
1.18196
1.18319
1.1845
1.18589
1.1873
1.18867
1.18991
1.19092
1.19164
1.19201
1.19201
1.19165
1.19097
1.19003
1.18891
1.18771
1.18652
1.18544
1.18453
1.18383
1.18336
1.18308
1.18299
1.18305
1.18328
1.18368
1.18429
1.18514
1.18629
1.18773
1.18943
1.19135
1.19337
1.19537
1.19723
1.19882
1.20004
1.20084
1.2012
1.20115
1.20078
1.20021
1.19964
1.19923
1.19914
1.19946
1.20019
1.20123
1.20244
1.20362
1.20461
1.20526
1.2055
1.20531
1.20473
1.20382
1.20269
1.20139
1.19998
1.19844
1.19677
1.19495
1.193
1.19102
1.18916
1.18761
1.18655
1.18612
1.18638
1.18729
1.18874
1.19059
1.19266
1.19481
1.19693
1.19893
1.20076
1.20237
1.20374
1.20482
1.20561
1.20609
1.20625
1.2061
1.20569
1.20506
1.20432
1.20354
1.20283
1.20225
1.20184
1.20161
1.20151
1.20148
1.20145
1.20135
1.20112
1.20073
1.20018
1.19947
1.19862
1.19767
1.19665
1.1956
1.19454
1.19353
1.19261
1.19183
1.19124
1.19089
1.19085
1.19113
1.19174
1.19265
1.1938
1.19511
1.19648
1.19784
1.1991
1.20018
1.20105
1.20166
1.20198
1.20197
1.20159
1.20082
1.19961
1.19796
1.19588
1.19345
1.19084
1.18833
1.18627
1.18502
1.18484
1.18577
1.18763
1.19006
1.19265
1.19504
1.19694
1.1982
1.19872
1.19849
1.19754
1.19593
1.19382
1.19142
1.18907
1.18717
1.18614
1.18625
1.18761
1.19006
1.19327
1.19684
1.2004
1.20367
1.20646
1.20868
1.21028
1.21124
1.21159
1.21135
1.21059
1.20942
1.20794
1.20632
1.20472
1.20328
1.20214
1.20134
1.20088
1.20069
1.20065
1.20066
1.20062
1.2005
1.20031
1.20013
1.20007
1.20025
1.20077
1.20168
1.20296
1.20451
1.20618
1.20779
1.20915
1.21011
1.21055
1.21036
1.20945
1.20776
1.20525
1.20198
1.19814
1.19417
1.1907
1.18847
1.18807
1.18964
1.19282
1.19693
1.20121
1.20511
1.20831
1.21073
1.21241
1.21346
1.21403
1.21424
1.21422
1.21404
1.21377
1.21347
1.21316
1.21282
1.21245
1.21201
1.21147
1.21082
1.21009
1.20936
1.20878
1.20856
1.20892
1.21001
1.2119
1.2145
1.21759
1.22092
1.2242
1.22721
1.22978
1.23183
1.2333
1.23417
1.23444
1.23411
1.2332
1.23171
1.22968
1.22715
1.2242
1.22092
1.2175
1.2
1.19693
1.19442
1.19272
1.192
1.19238
1.19385
1.19631
1.19956
1.20335
1.20738
1.21138
1.21512
1.21841
1.22113
1.22321
1.22464
1.22548
1.22582
1.22579
1.22556
1.22531
1.22521
1.22543
1.22605
1.22711
1.2286
1.23045
1.23261
1.23499
1.23754
1.24016
1.24272
1.24503
1.24689
1.24808
1.24847
1.248
1.24673
1.24485
1.24267
1.24054
1.23875
1.23744
1.23647
1.23553
1.23416
1.23194
1.22858
1.22402
1.21853
1.21275
1.20766
1.20442
1.20395
1.20647
1.21137
1.21748
1.22354
1.22862
1.23226
1.23442
1.2353
1.23524
1.23458
1.23361
1.23258
1.23169
1.23107
1.23078
1.23081
1.23111
1.23161
1.2322
1.23284
1.23348
1.23411
1.23475
1.23544
1.2362
1.23707
1.23807
1.2392
1.24045
1.24177
1.24313
1.24446
1.24572
1.24686
1.24785
1.24867
1.2493
1.24976
1.25005
1.25019
1.25019
1.2501
1.24992
1.24969
1.24943
1.2
1.19979
1.19964
1.19957
1.19959
1.1997
1.19987
1.20007
1.20024
1.20028
1.20006
1.19939
1.19807
1.19583
1.19246
1.18782
1.182
1.1755
1.16925
1.16446
1.16208
1.16241
1.16493
1.16869
1.1728
1.1767
1.18019
1.18327
1.18611
1.18884
1.19158
1.19431
1.1969
1.19912
1.20071
1.20142
1.20116
1.20002
1.19831
1.19656
1.19533
1.19504
1.19566
1.19666
1.19717
1.19618
1.19289
1.18696
1.1789
1.17035
1.16381
1.16147
1.16383
1.16945
1.17609
1.18203
1.18656
1.18969
1.19179
1.19329
1.19455
1.1958
1.19718
1.19874
1.20045
1.20222
1.20397
1.2056
1.20699
1.20807
1.20877
1.20901
1.20873
1.20787
1.20638
1.20422
1.20133
1.19774
1.1935
1.18879
1.18389
1.17921
1.17524
1.17242
1.17104
1.17115
1.17253
1.17479
1.17753
1.1804
1.1832
1.18583
1.1883
1.19066
1.19294
1.19513
1.19715
1.19886
1.20009
1.20062
1.19999
1.19841
1.1956
1.19159
1.18663
1.18132
1.17661
1.17354
1.17284
1.17458
1.17813
1.18253
1.18687
1.19057
1.19334
1.19511
1.19591
1.19579
1.19479
1.19298
1.19043
1.18732
1.18388
1.18044
1.17735
1.1749
1.17322
1.17229
1.17194
1.17191
1.17189
1.1716
1.17079
1.16933
1.16725
1.16478
1.16234
1.16037
1.15922
1.15901
1.15961
1.16074
1.1621
1.16349
1.16481
1.16608
1.16734
1.16864
1.16999
1.17137
1.17274
1.17402
1.1752
1.17625
1.17715
1.17791
1.17852
1.17899
1.17931
1.17949
1.17952
1.17943
1.17923
1.17895
1.17863
1.17828
1.17789
1.17743
1.17685
1.1761
1.1751
1.1738
1.17217
1.17023
1.16804
1.16571
1.16341
1.16134
1.15967
1.15854
1.15802
1.15807
1.15861
1.15951
1.16065
1.162
1.16354
1.16534
1.16741
1.16975
1.17225
1.1747
1.17685
1.17845
1.17928
1.17924
1.17838
1.17693
1.17534
1.17414
1.2
1.20092
1.20291
1.20557
1.20834
1.21069
1.21226
1.21281
1.21225
1.21056
1.20778
1.20395
1.19918
1.19359
1.18738
1.18077
1.17405
1.16766
1.16218
1.1584
1.1571
1.15871
1.16302
1.16923
1.17632
1.18341
1.18994
1.19565
1.20051
1.20455
1.20784
1.21048
1.21254
1.21409
1.21521
1.21597
1.21643
1.21665
1.21663
1.21638
1.21585
1.21498
1.21366
1.21183
1.20944
1.20655
1.20337
1.20024
1.19757
1.1957
1.19477
1.19458
1.19472
1.19472
1.19416
1.19286
1.19079
1.18811
1.18505
1.18186
1.17881
1.1762
1.17431
1.17345
1.17389
1.17571
1.17884
1.18297
1.18768
1.19249
1.19697
1.20079
1.20374
1.20572
1.20671
1.20673
1.2058
1.20396
1.20125
1.19775
1.1936
1.18912
1.18482
1.18138
1.17949
1.17955
1.18144
1.18451
1.18786
1.19064
1.19225
1.19242
1.19119
1.18879
1.18567
1.18235
1.17941
1.17735
1.17643
1.17668
1.2
1.20173
1.20362
1.2054
1.207
1.20845
1.20988
1.21143
1.21317
1.21508
1.21707
1.219
1.22071
1.22207
1.22297
1.22336
1.22318
1.22242
1.2211
1.21925
1.21694
1.21428
1.2114
1.20848
1.20569
1.20316
1.20099
1.1992
1.19777
1.19663
1.19573
1.19503
1.19451
1.1942
1.19415
1.19447
1.19527
1.19663
1.19857
1.20098
1.20369
1.20649
1.20918
1.21162
1.21375
1.21554
1.21706
1.21834
1.21945
1.22043
1.22133
1.22216
1.22293
1.22364
1.22429
1.22488
1.22542
1.2259
1.22635
1.22679
1.22721
1.22764
1.22807
1.22849
1.22885
1.2291
1.2292
1.22904
1.22857
1.22767
1.22628
1.2243
1.22167
1.21831
1.21419
1.2093
1.20371
1.19762
1.19143
1.1858
1.18157
1.17954
1.18016
1.18329
1.18817
1.19382
1.19936
1.20426
1.20832
1.21158
1.21419
1.21629
1.21798
1.2193
1.22027
1.22085
1.22104
1.22084
1.2203
1.2195
1.2
1.19901
1.19816
1.19758
1.19736
1.19756
1.1982
1.19923
1.20058
1.20215
1.20382
1.20548
1.20704
1.20843
1.2096
1.21051
1.21114
1.21148
1.21151
1.21122
1.21058
1.20956
1.20813
1.20625
1.20393
1.20121
1.19821
1.19515
1.19234
1.19013
1.18885
1.18865
1.1895
1.19117
1.19335
1.19568
1.19791
1.19986
1.20146
1.2027
1.20359
1.20417
1.20447
1.20451
1.20431
1.20386
1.20316
1.20221
1.20102
1.19964
1.19815
1.19671
1.19549
1.19469
1.19444
1.19481
1.19576
1.19715
1.19876
1.2004
1.20192
1.20323
1.20433
1.20527
1.2061
1.20692
1.20778
1.20872
1.20975
1.21086
1.21204
1.21329
1.21459
1.21595
1.21736
1.2188
1.22021
1.22156
1.22277
1.22379
1.22458
1.22512
1.2254
1.22546
1.22531
1.22503
1.22468
1.22433
1.22402
1.22382
1.22374
1.22378
1.2239
1.22404
1.22413
1.22411
1.22392
1.22351
1.22289
1.22205
1.22104
1.21989
1.21866
1.21743
1.21629
1.21537
1.21484
1.21488
1.21565
1.21722
1.21952
1.22237
1.22551
1.22867
1.23162
1.2342
1.23628
1.23775
1.23845
1.23821
1.23676
1.2338
1.22905
1.22235
1.21396
1.2048
1.19653
1.19105
1.18951
1.19164
1.19601
1.20096
1.20536
1.20873
1.21099
1.21225
1.2126
1.21211
1.21086
1.209
1.2068
1.20467
1.20306
1.20235
1.20269
1.20397
1.20589
1.20807
1.21018
1.21199
1.21336
1.21425
1.21469
1.21473
1.21446
1.21397
1.21336
1.21273
1.21215
1.21166
1.21127
1.21095
1.21067
1.21035
1.20995
1.20941
1.20867
1.20771
1.20653
1.20516
1.20367
1.20216
1.20072
1.19945
1.19845
1.19775
1.19733
1.19715
1.19706
1.1969
1.19649
1.19574
1.1947
1.19364
1.19296
1.19304
1.19402
1.19571
1.19766
1.19935
1.20043
1.20071
1.20024
1.19918
1.19775
1.19615
1.19454
1.19302
1.19167
1.1905
1.18955
1.18886
1.18848
1.18848
1.18893
1.18994
1.19154
1.19375
1.19648
1.19956
1.20277
1.20586
1.20864
1.21094
1.2127
1.21392
1.21465
1.21497
1.21497
1.21474
1.21434
1.21381
1.21316
1.2124
1.21151
1.21047
1.20927
1.20785
1.20614
1.20402
1.20132
1.19785
1.19344
1.18807
1.18206
1.17617
1.1716
1.16958
1.1707
1.17455
1.17994
1.18546
1.19002
1.19298
1.19408
1.19331
1.19081
1.18692
1.18216
1.17719
1.17271
1.16919
1.16678
1.16529
1.16445
1.16414
1.16447
1.16571
1.16809
1.1716
1.17603
1.18095
1.18595
1.19066
1.19488
1.1985
1.20149
1.20387
1.2057
1.20701
1.20785
1.20823
1.20817
1.20766
1.2067
1.20526
1.20335
1.20097
1.19817
1.19505
1.19174
1.18841
1.18527
1.18255
1.18049
1.17939
1.1795
1.18105
1.18408
1.1884
1.19356
1.19899
1.20417
1.20868
1.21232
1.21499
1.2167
1.2175
1.21743
1.21652
1.2148
1.21224
1.20887
1.20471
1.19985
1.19449
1.18894
1.18369
1.17931
1.17634
1.17508
1.1754
1.17681
1.17862
1.18025
1.18145
1.18232
1.18319
1.1844
1.18616
1.18847
1.19122
1.19425
1.19743
1.20066
1.20381
1.20674
1.20932
1.21142
1.21298
1.214
1.21454
1.21468
1.21455
1.21427
1.21395
1.2137
1.21359
1.21367
1.21395
1.21443
1.21508
1.21584
1.21665
1.21745
1.21814
1.21866
1.21894
1.21891
1.21854
1.21779
1.21669
1.21525
1.21356
1.2117
1.20976
1.20778
1.20574
1.20354
1.20105
1.19825
1.19539
1.19311
1.19232
1.19384
1.19788
1.2039
1.21086
1.21769
1.22368
1.22848
1.23207
1.23454
1.23609
1.23686
1.23703
1.23672
1.23606
1.23518
1.23417
1.23314
1.23217
1.2313
1.23057
1.22999
1.22955
1.22927
1.22915
1.22923
1.22949
1.22992
1.23047
1.23104
1.23148
1.23162
1.23124
1.23016
1.22817
1.22516
1.22114
1.21632
1.21121
1.2066
1.20341
1.20245
1.20407
1.208
1.21348
1.2196
1.22559
1.23094
1.23546
1.23912
1.24203
1.2443
1.24608
1.24745
1.24849
1.24922
1.24962
1.2496
1.24902
1.24765
1.24519
1.24132
1.23581
1.22874
1.22088
1.21377
1.20941
1.20913
1.21272
1.2185
1.2244
1.22893
1.23147
1.23203
1.23103
1.22905
1.22672
1.22466
1.22334
1.22298
1.22352
1.22468
1.22608
1.22735
1.22821
1.22852
1.2282
1.22721
1.22558
1.22333
1.22054
1.21735
1.21395
1.21065
1.20778
1.20564
1.20449
1.20444
1.20548
1.20745
1.21008
1.21307
1.21611
1.21894
1.22136
1.22326
1.22458
1.22531
1.22549
1.22519
1.22448
1.22344
1.22214
1.22066
1.21907
1.21745
1.21586
1.21437
1.21302
1.21187
1.21095
1.21026
1.20979
1.20953
1.20943
1.20944
1.20952
1.20961
1.20967
1.20967
1.2096
1.20944
1.20922
1.20894
1.20864
1.20834
1.20807
1.20785
1.20769
1.2076
1.20758
1.20762
1.20771
1.20783
1.20798
1.20813
1.20827
1.2084
1.20852
1.20861
1.20868
1.20873
1.20878
1.20882
1.20886
1.20891
1.20898
1.20907
1.20919
1.20935
1.20954
1.20977
1.21004
1.21035
1.2107
1.21109
1.21152
1.21199
1.21249
1.21302
1.21357
1.21414
1.2147
1.21525
1.21576
1.21622
1.21658
1.21682
1.21691
1.21681
1.21647
1.21586
1.21491
1.21354
1.21167
1.2092
1.20612
1.2025
1.1986
1.19489
1.19191
1.19008
1.18955
1.19016
1.19167
1.19394
1.19705
1.20107
1.20589
1.21116
1.21632
1.22088
1.22448
1.22699
1.22844
1.229
1.22886
1.22823
1.2273
1.2262
1.22501
1.22377
1.22244
1.22097
1.21929
1.21733
1.21511
1.21272
1.21029
1.20802
1.20605
1.20449
1.20338
1.20275
1.20259
1.2028
1.20312
1.20314
1.20244
1.20097
1.19926
1.19849
1.19987
1.20393
1.21009
1.21699
1.22328
1.22811
1.23116
1.23254
1.2325
1.23136
1.22942
1.22693
1.2241
1.2211
1.21806
1.21507
1.21222
1.20959
1.20725
1.20529
1.2038
1.20285
1.20247
1.20265
1.20334
1.20445
1.20587
1.20751
1.20925
1.21101
1.21274
1.21436
1.21586
1.21721
1.21838
1.21938
1.22018
1.22077
1.22114
1.22128
1.22117
1.2208
1.22015
1.21923
1.21803
1.21656
1.21486
1.21297
1.21095
1.20891
1.20695
1.20519
1.20374
1.20269
1.20211
1.20201
1.20233
1.20299
1.20387
1.20483
1.20574
1.20647
1.20691
1.20695
1.2065
1.20548
1.20383
1.20148
1.19842
1.19466
1.19027
1.18539
1.18021
1.17499
1.17005
1.16573
1.16242
1.16048
1.16014
1.16144
1.1642
1.16801
1.17237
1.1768
1.18086
1.18426
1.18682
1.18847
1.18923
1.18923
1.18869
1.18786
1.18705
1.1865
1.18633
1.18651
1.18688
1.18722
1.18733
1.18706
1.18643
1.18552
1.18453
1.18366
1.18307
1.1828
1.18281
1.18291
1.1829
1.18261
1.18191
1.18078
1.17931
1.17769
1.17614
1.17492
1.17421
1.17413
1.17462
1.17557
1.17677
1.17801
1.1791
1.17986
1.1802
1.18006
1.17943
1.17835
1.17692
1.17526
1.17352
1.17183
1.17029
1.16892
1.16768
1.16649
1.16527
1.16398
1.16265
1.16141
1.16039
1.15977
1.15966
1.16012
1.16109
1.16248
1.16415
1.16597
1.16782
1.16962
1.17133
1.17292
1.17439
1.17574
1.177
1.17818
1.17929
1.18036
1.1814
1.18242
1.18343
1.18443
1.18543
1.18641
1.18737
1.18829
1.18915
1.18993
1.19061
1.19115
1.19152
1.19167
1.19157
1.19117
1.19041
1.18927
1.18769
1.18567
1.18322
1.18037
1.17723
1.17394
1.1707
1.16775
1.16534
1.16374
1.16315
1.16367
1.16531
1.16795
1.17136
1.17516
1.17889
1.182
1.18386
1.18381
1.18125
1.17584
1.16779
1.15824
1.14926
1.14329
1.14218
1.14644
1.15516
1.16649
1.17831
1.18894
1.19745
1.20363
1.20773
1.2102
1.21147
1.21193
1.21188
1.21154
1.21104
1.21049
1.20994
1.20943
1.20896
1.20852
1.2081
1.20768
1.20725
1.20677
1.20624
1.20565
1.20499
1.20428
1.20352
1.20273
1.20196
1.20124
1.20061
1.20012
1.19979
1.19966
1.19972
1.19997
1.20038
1.20094
1.20164
1.2025
1.20353
1.20478
1.20626
1.20797
1.20987
1.21188
1.21391
1.21584
1.21757
1.21899
1.22004
1.22065
1.22083
1.22057
1.21993
1.21899
1.21784
1.21662
1.21546
1.21449
1.21381
1.2135
1.2136
1.2141
1.21498
1.21617
1.2176
1.21917
1.22078
1.22229
1.22355
1.2244
1.22463
1.22405
1.22244
1.21963
1.21552
1.21019
1.20401
1.19774
1.19251
1.18954
1.18975
1.19334
1.19962
1.20732
1.21506
1.22181
1.22701
1.23052
1.23255
1.23343
1.23354
1.23321
1.23265
1.23193
1.23101
1.22979
1.22819
1.22621
1.22394
1.22162
1.21954
1.21803
1.2173
1.21738
1.21811
1.21917
1.22017
1.22078
1.22076
1.22
1.21853
1.21649
1.21409
1.21159
1.20924
1.20724
1.20569
1.20462
1.20397
1.20368
1.20372
1.2041
1.20484
1.206
1.20757
1.2095
1.21168
1.21398
1.21626
1.21839
1.22027
1.22181
1.22291
1.2235
1.22347
1.22273
1.22117
1.21873
1.21545
1.21151
1.20733
1.20351
1.2007
1.19934
1.1994
1.20039
1.20155
1.20214
1.20171
1.20022
1.19803
1.19583
1.1944
1.19431
1.1957
1.19824
1.20131
1.2043
1.20676
1.20846
1.20933
1.2094
1.20882
1.20774
1.20638
1.20498
1.20375
1.20283
1.20226
1.20192
1.20156
1.20081
1.19931
1.19688
1.19372
1.19055
1.18853
1.18875
1.1916
1.19654
1.2024
1.20804
1.21273
1.21621
1.21854
1.21994
1.22064
1.22084
1.22064
1.22007
1.21912
1.21772
1.2158
1.21334
1.21038
1.20706
1.20362
1.20038
1.19765
