           1   -0.763432   -0.763432           0
           2   -0.759064   -0.761248  0.00154432
           3   -0.761012   -0.761169  0.00103155
           4    -0.76372   -0.761807 0.000950535
           5   -0.762116   -0.761869 0.000762434
           6   -0.760876   -0.761703  0.00065307
           7    -0.76362   -0.761977 0.000614499
           8    -0.75942   -0.761658 0.000615229
           9   -0.759668   -0.761436 0.000585238
          10   -0.760728   -0.761366 0.000530985
          11   -0.762356   -0.761456 0.000490287
          12      -0.765   -0.761751 0.000530996
          13   -0.762084   -0.761777 0.000490768
          14   -0.763884   -0.761927 0.000478241
          15   -0.760092   -0.761805 0.000461742
          16   -0.762528    -0.76185  0.00043509
          17   -0.760192   -0.761752 0.000420285
          18    -0.76218   -0.761776 0.000397607
          19    -0.76138   -0.761755 0.000377226
          20   -0.759992   -0.761667 0.000368525
          21   -0.763124   -0.761737 0.000357446
          22   -0.763736   -0.761827 0.000352563
          23   -0.760828   -0.761784 0.000339901
          24   -0.758752   -0.761658 0.000348426
          25    -0.76432   -0.761764 0.000350386
          26   -0.760808   -0.761727 0.000338834
          27   -0.762592   -0.761759 0.000327794
          28   -0.761212    -0.76174  0.00031667
          29    -0.76184   -0.761743 0.000305769
          30   -0.761528   -0.761736 0.000295661
          31    -0.76302   -0.761778 0.000289009
          32   -0.763808   -0.761841 0.000286859
          33   -0.761128   -0.761819 0.000278978
          34   -0.761172     -0.7618 0.000271422
          35   -0.762436   -0.761819 0.000264274
          36   -0.761228   -0.761802 0.000257442
          37   -0.760696   -0.761772 0.000252214
          38   -0.763656   -0.761822 0.000250401
          39   -0.761952   -0.761825 0.000244003
          40   -0.761032   -0.761805 0.000238707
          41   -0.763008   -0.761835  0.00023468
          42   -0.762536   -0.761851 0.000229686
          43    -0.75972   -0.761802  0.00022963
          44   -0.759984    -0.76176 0.000228098
          45   -0.761072   -0.761745 0.000223541
          46   -0.759888   -0.761705 0.000222297
          47   -0.760236   -0.761674 0.000219753
          48   -0.760012   -0.761639 0.000217884
          49    -0.76374   -0.761682 0.000217616
          50   -0.761816   -0.761684  0.00021328
          51   -0.760248   -0.761656  0.00021095
          52   -0.760944   -0.761643 0.000207338
          53   -0.763764   -0.761683 0.000207253
          54   -0.761244   -0.761675 0.000203574
          55   -0.759488   -0.761635 0.000203718
          56   -0.759356   -0.761594 0.000204103
          57   -0.764368   -0.761643 0.000206243
          58   -0.764152   -0.761686 0.000207175
          59   -0.761284   -0.761679 0.000203775
          60   -0.761096   -0.761669 0.000200611
          61   -0.765164   -0.761727 0.000205339
          62   -0.761092   -0.761717 0.000202282
          63   -0.759308   -0.761678 0.000202652
          64   -0.760016   -0.761652 0.000201143
          65    -0.76328   -0.761677 0.000199601
          66    -0.75952   -0.761645 0.000199235
          67   -0.760184   -0.761623 0.000197451
          68   -0.758052    -0.76157 0.000201409
          69   -0.760884    -0.76156 0.000198736
          70   -0.765004    -0.76161 0.000201893
          71   -0.760288   -0.761591 0.000199906
          72   -0.761828   -0.761594 0.000197157
          73   -0.760068   -0.761573 0.000195561
          74   -0.760708   -0.761562 0.000193268
          75    -0.76104   -0.761555 0.000190816
          76   -0.759952   -0.761534 0.000189467
          77   -0.762312   -0.761544 0.000187276
          78   -0.765236   -0.761591 0.000190764
          79   -0.760384   -0.761576  0.00018896
          80   -0.762664   -0.761589 0.000187087
          81   -0.762932   -0.761606  0.00018551
          82   -0.758824   -0.761572 0.000186324
          83   -0.763048    -0.76159 0.000184926
          84      -0.763   -0.761607 0.000183485
          85   -0.764484    -0.76164 0.000184422
          86   -0.759388   -0.761614 0.000184128
          87   -0.761524   -0.761613 0.000182015
          88     -0.7672   -0.761677 0.000190697
          89   -0.760416   -0.761663  0.00018908
          90   -0.762004   -0.761666 0.000187017
          91    -0.76232   -0.761674   0.0001851
          92   -0.759952   -0.761655 0.000184031
          93   -0.763152   -0.761671 0.000182755
          94   -0.766008   -0.761717 0.000186544
          95    -0.76546   -0.761756 0.000188696
          96    -0.75858   -0.761723 0.000189609
          97   -0.759832   -0.761704 0.000188654
          98   -0.761308     -0.7617 0.000186772
          99   -0.764672    -0.76173 0.000187283
         100   -0.762708    -0.76174 0.000185665
