-0.271736   0.376208   -0.339066
-0.247801   -0.234946   0.471578
0.249268   -0.436279   -0.446287
0.168158   0.431129   -0.42744
-0.0806716   -0.20545   -0.366457
-0.164817   -0.014335   -0.159269
-0.48354   0.0598602   -0.212739
0.419488   0.276526   -0.0626073
0.119108   0.278839   0.218245
0.431083   0.341317   -0.355024
0.155533   0.113935   0.0494704
-0.485724   0.360919   -0.480641
0.393638   0.0817383   -0.345249
-0.293233   -0.382854   0.111466
-0.252695   -0.317613   0.0727475
0.483142   -0.231899   -0.445807
0.193624   -0.464861   -0.3645
0.222691   -0.198351   0.159354
-0.0559789   -0.477414   0.239798
0.340732   0.10394   -0.494469
-0.20824   -0.327538   0.3143
0.0893917   -0.0142559   -0.44983
0.039067   0.295735   0.237719
0.234116   0.39766   -0.358052
-0.121989   0.151448   0.313478
0.359707   -0.236651   -0.358791
0.190055   0.425984   -0.16529
-0.277085   0.00165836   -0.44663
-0.0538999   0.411725   -0.194008
0.173454   -0.437551   0.0718304
0.0793909   -0.389728   -0.073316
0.168127   0.0881228   -0.0229093
-0.30814   0.259333   -0.145639
-0.0366765   -0.151522   -0.239851
0.335245   -0.329578   0.432794
0.0433944   0.19645   0.0579047
0.0216997   -0.33942   0.0353363
-0.314058   -0.245287   0.315457
-0.0829772   0.490906   0.160823
0.216176   0.403162   -0.269923
-0.482757   -0.14048   0.0979181
0.193225   0.132797   0.337051
0.102322   0.27569   0.333613
-0.00452205   -0.416092   -0.261213
0.323103   0.0886438   -0.0375981
-0.455667   -0.234168   -0.492858
0.0168969   -0.245079   0.0433589
0.330022   -0.372748   -0.166981
-0.159634   0.270523   -0.102761
0.023644   -0.0328675   -0.49288
0.203344   0.0835922   0.179335
0.237375   0.423907   0.190902
0.0945508   0.158823   0.112443
0.498417   0.371528   0.198237
0.0581366   -0.0477411   -0.345709
-0.383159   -0.289539   -0.487348
0.260474   0.120702   0.223125
0.455439   -0.372042   0.165084
0.411809   -0.1614   0.0437285
0.135344   0.420206   0.0114861
-0.304002   0.0202739   -0.192518
-0.217238   -0.057648   -0.488025
-0.442949   -0.280789   0.0855196
-0.349064   -0.0591617   -0.0288737
-0.266503   0.11396   0.117705
0.424107   0.129271   0.297134
0.355843   -0.487867   -0.27728
0.0421599   -0.473888   0.141656
0.336613   -0.405408   -0.0885767
0.414096   -0.133401   -0.187623
0.211286   0.093186   -0.0941141
0.296254   0.388418   0.330718
0.020081   0.155719   0.450352
0.321288   -0.412263   -0.314684
-0.135394   0.274571   -0.358014
-0.200644   -0.000737016   -0.418628
0.145043   -0.492488   -0.476862
0.159872   0.100507   -0.476493
0.194545   -0.140384   0.359219
-0.287743   0.327136   0.402087
0.168205   0.42799   0.343432
-0.10982   0.118253   0.417328
-0.35354   0.399141   -0.322593
0.0293029   0.466143   0.202169
-0.48492   0.338024   -0.381233
0.305256   0.219942   -0.36718
0.378268   -0.479067   0.310375
-0.437263   -0.283644   -0.227996
-0.033409   -0.307617   -0.051134
-0.108702   -0.1094   0.0485491
-0.00490962   0.424948   -0.132121
0.114708   0.211288   0.000558861
-0.355011   -0.428706   0.0548812
0.11547   0.467941   0.273293
0.443768   0.208326   0.278331
0.342931   0.263836   0.480617
0.40387   -0.297137   -0.291837
-0.462587   -0.12914   0.188874
-0.490154   0.304012   0.401681
-0.0801066   0.0449302   0.321065
0.212233   0.42073   0.0997058
0.364067   0.134328   0.0819324
-0.348785   -0.391435   -0.0621736
-0.265672   0.456015   -0.374508
-0.330873   -0.219378   0.473027
0.259772   -0.311798   0.0887186
0.38279   -0.404143   0.286682
-0.0636385   -0.349809   0.0353999
